69.2936
3.46372
-53.5007
110.101
-11.6223
47.7881
24.9615
55.4974
111.607
28.2124
90.201
-22.451
90.9214
37.533
-20.7614
26.0364
127.673
48.3965
121.851
63.9687
55.7706
20.0615
13.5588
19.88
-69.1637
118.033
40.7466
138.471
70.2644
75.1673
94.9829
75.0988
-19.8002
28.9693
62.1071
22.2423
82.4207
98.8992
112.996
19.5053
93.8139
88.8264
114.897
54.4315
35.0558
111.178
94.2376
46.0381
58.2254
96.1732
115.304
29.328
99.6055
17.9875
36.5324
91.5546
-14.2466
50.868
206.142
52.8756
-9.39416
34.446
87.651
118.169
47.7321
44.911
117.388
-27.3835
76.5688
65.9525
54.909
27.5642
50.2481
148.427
21.3449
29.0947
126.02
29.764
120.715
12.6869
106.199
44.2315
2.04631
73.4655
-12.3428
41.8054
49.8118
-39.7215
4.72775
-48.3612
19.8223
52.9748
11.5615
-14.9651
44.2562
-1.81043
15.2755
71.5138
123.154
10.9857
64.0043
16.9032
99.2768
86.1939
37.755
124.053
46.6556
56.9727
73.7761
100.012
-3.86515
30.2993
91.3477
59.6235
35.9416
31.3926
65.6874
82.6076
9.64072
76.4699
63.2895
58.0374
65.7987
104.471
51.8873
117.38
39.8194
154.141
102.526
24.5436
13.7592
4.8787
14.3602
-11.5731
73.1002
18.4394
60.0007
-27.9544
9.14542
-18.7374
37.6056
44.0461
5.11363
-41.0647
36.607
68.6905
70.1582
-18.1619
121.578
51.085
32.2949
-7.15578
82.1858
132.246
25.3386
7.64554
146.102
50.1336
-22.6138
42.4891
22.142
163.195
21.8956
87.8216
-0.344005
63.1513
101.005
95.874
155.221
-7.71256
-4.15303
33.1541
59.1565
86.7528
-13.6445
94.6061
-31.5947
36.0717
15.6273
54.2065
109.474
111.105
30.8947
-3.84135
90.2678
29.9391
149.797
69.2533
9.30346
3.79027
44.3742
93.5595
83.7495
-33.9619
119.614
164.926
49.8919
-16.0624
84.8912
141.66
67.8273
-21.9347
65.2651
139.577
51.7086
-39.1053
44.8979
16.1591
114.374
-40.1203
-39.1677
-26.3703
-11.2818
-11.0319
99.0411
41.36
51.8078
75.7632
-31.0878
37.0866
60.585
28.7896
1.24955
24.3829
35.923
41.6295
69.3334
-1.15389
95.3784
36.4332
33.2221
98.0215
19.4736
73.4433
80.1568
148.371
-22.413
10.5251
104.762
43.4773
36.3945
-11.4745
52.7765
-6.20014
40.5976
4.22621
-44.5805
110.299
58.2539
33.9323
20.9509
175.759
31.5176
52.321
90.5483
76.5179
76.2912
-21.7539
49.2114
-33.7513
95.2615
62.6487
80.4439
2.32276
58.3516
139.88
98.892
152.175
8.11467
100.607
136.048
31.2884
-32.076
1.05926
32.262
66.2536
47.0175
77.44
24.0068
10.3621
90.7577
53.3599
62.7177
18.4844
65.4385
140.283
88.3328
137.646
-36.474
42.5664
-20.9624
85.1652
15.6449
12.3912
71.1033
39.5564
71.3355
128.021
8.79493
95.4431
7.52057
106.111
125.126
95.8983
14.8468
86.0398
31.9072
34.5451
72.305
58.5281
69.6961
98.2142
-3.58239
62.2177
26.2041
33.5757
82.8555
39.6457
28.3516
4.93743
126.886
14.5508
64.2919
19.533
33.1231
49.9768
109.837
-33.0481
102.56
71.5745
12.0744
111.634
37.3374
111.682
47.8159
131.153
123.903
110.496
35.0123
-2.36999
40.3122
4.50705
32.7927
76.1586
70.1794
67.6866
108.73
72.1339
-19.8267
32.8408
17.1958
-1.98481
15.5429
157.687
37.4686
56.3058
97.6083
70.4762
8.15631
28.3181
4.02965
163.972
38.0181
58.1574
133.684
65.4122
75.7822
59.4395
-2.81129
-40.175
49.2148
69.7781
-3.05501
-22.637
55.9949
75.7772
67.9557
86.5965
-3.5619
35.5796
194.91
50.9526
91.8899
59.5965
35.6011
38.1517
75.2844
-18.2396
1.02405
27.1173
-17.2908
0.949554
1.11307
71.8461
152.019
68.2966
-20.3789
80.6627
-24.7715
-34.6861
-36.2239
14.9746
68.1934
1.58847
46.5365
54.2517
-6.61319
3.50698
53.3428
17.2
15.4635
81.8872
32.8064
19.1723
132.955
24.3916
47.7138
60.8938
-13.814
31.9798
80.9224
56.2988
73.6264
18.8695
49.5109
42.5192
55.3988
108.263
118.738
64.4616
17.9388
25.4708
130.559
27.9094
115.223
-2.71956
114.176
4.80302
83.1544
18.2529
38.5186
96.2041
-35.4022
6.07079
-49.9636
3.3729
109.706
175.791
16.2282
64.4278
23.6804
-90.2737
-20.9822
33.8089
-33.2455
91.5044
-9.17871
44.1682
10.024
7.38294
-14.7524
37.6412
69.8033
132.035
28.3274
-4.35303
96.8344
75.4934
81.0941
55.5322
23.8202
42.0257
-15.3863
143.818
85.9415
67.3615
63.3298
9.8023
69.3769
29.3371
65.7735
-69.7336
33.5401
29.8717
9.67123
67.2753
-0.894522
29.7205
21.6175
100.233
-19.3672
117.634
96.0681
8.00457
-19.9448
-10.1571
43.7379
50.2344
32.3541
49.3339
1.56845
46.8119
89.2095
133.135
14.2906
80.3027
6.66094
82.8683
88.8893
121.262
91.3531
-8.8457
2.71584
165.584
62.7358
86.6597
85.7625
86.0122
94.5173
62.4183
98.2357
78.7602
48.6096
-81.3677
-27.3018
76.4116
46.9774
17.6024
67.6146
64.0375
13.7998
12.7238
5.36862
1.78567
36.3436
-28.7397
76.2924
48.5947
60.9098
20.6055
95.2145
-23.3158
8.26005
67.279
93.6915
53.908
156.648
-50.2771
67.0064
118.436
44.3142
34.4975
21.1652
11.6468
44.436
2.25358
59.4728
20.7654
75.1771
119.961
28.5272
-29.109
55.6347
77.8095
83.753
11.8933
-11.5584
14.1198
-23.9746
120.112
-2.23714
25.402
48.7755
43.9856
135.597
-15.3735
-10.1745
-36.626
62.7609
35.2069
103.936
-7.6075
-12.2701
21.54
-5.11526
31.8276
62.7919
-9.02465
108.393
-8.05775
78.5194
105.183
95.6066
94.4467
80.4743
19.6137
77.976
31.11
64.0476
73.8143
59.9695
38.5187
136.229
26.6372
0.363283
75.2831
106.009
85.8464
108.425
97.2228
140.611
23.7621
81.2418
65.9479
77.3389
-4.067
-33.541
52.3155
-57.2194
-7.81869
9.31632
-36.977
7.35187
84.0246
-14.4452
15.5302
-12.3658
64.9626
32.1925
25.8696
123.831
61.8668
83.1536
134.329
-91.3092
80.9659
37.2503
125.49
7.54871
24.4711
60.7768
24.3186
121.76
40.5477
14.5654
-9.961
81.1058
105.217
18.0862
57.0405
121.528
-56.9421
-35.0072
-28.4827
76.7247
35.7598
-7.61826
34.1887
124.326
104.501
35.1706
100.288
32.4235
-22.7547
111.211
92.7317
78.3466
94.6829
-56.8067
53.5004
-40.5773
81.8821
65.9401
78.2892
94.8533
93.226
58.1356
50.7007
-10.063
30.4561
-23.9847
74.284
18.2927
10.5829
114.32
-28.9275
6.30649
70.9787
54.9853
1.34241
68.4839
41.6688
89.7292
68.0782
82.5464
69.0171
39.2137
8.42775
136.181
80.5477
142.466
110.168
0.283899
34.4324
8.09539
18.7288
126.311
32.6118
-77.3681
66.8743
99.71
73.8941
78.3948
26.2488
38.6241
50.2331
106.273
55.4419
38.8576
31.9582
69.5404
48.8734
-24.3433
12.5574
43.9507
52.6744
13.8512
-9.8063
47.2343
-3.88596
22.7162
26.1408
-20.0622
51.9966
60.1586
10.2133
55.1571
60.6237
118.78
90.2799
39.1954
-31.0954
-44.6893
-1.19126
36.3598
117.5
-24.0929
41.2347
18.0385
150.52
121.813
113.73
69.6804
-11.1562
131.052
48.4042
178.147
-5.05926
39.5274
-2.85115
99.7492
27.9061
82.3242
20.2579
62.6022
-35.3153
21.7057
51.2177
51.6139
46.6009
40.0089
50.8861
140.589
16.3323
64.6076
66.3954
-13.9116
-16.994
-3.66938
70.662
13.5999
99.1605
43.5223
1.8348
58.2607
10.1114
58.6782
51.227
110.911
48.0333
6.80982
71.9495
-28.481
0.82697
144.493
44.2477
81.4558
9.35215
117.927
5.64579
57.1006
58.6637
31.5185
44.549
-8.97091
-74.6199
95.7046
22.224
30.2847
50.1432
53.5186
-55.0039
96.5683
-2.99438
17.2051
80.072
53.6104
-10.1484
54.3305
58.8886
0.196654
-1.80273
95.5224
-25.595
47.9636
102.335
52.2915
67.8435
-59.7013
81.7933
129.113
160.503
-29.9997
38.3383
4.29829
2.7924
28.8893
32.0255
75.7154
71.4063
82.1944
23.996
59.4036
-53.5166
-22.5855
84.1932
41.5335
91.491
78.5522
-31.4671
101.551
102.969
7.37465
27.0541
35.8632
62.1561
116.19
83.0682
10.4578
150.473
-56.8435
-17.5886
23.2215
50.5636
36.7623
74.1581
50.8075
-6.51997
48.1618
43.5297
31.8789
72.3964
-79.426
52.34
42.4554
-27.8582
116.988
38.281
179.787
39.8234
13.1339
-24.6883
10.4011
9.13578
-50.6149
105.68
3.07214
46.9694
60.9012
63.3145
-62.3773
101.688
-0.614948
-41.5918
54.8318
80.7376
129.341
95.0219
78.689
41.2935
48.2728
77.131
119.371
95.4643
-72.2761
68.4259
51.3257
32.0334
77.705
139.793
67.0675
-12.4422
99.8572
9.34218
9.33798
102.418
3.39913
144.372
64.3273
55.5651
84.7835
92.0775
54.257
-23.1534
33.8902
8.16869
42.3697
24.2402
48.7682
15.8822
10.8572
-11.1581
18.9624
-31.2886
21.749
94.8774
98.4592
26.4053
35.8439
91.9245
74.7126
-4.81648
68.4345
39.8372
46.7705
110.187
52.1869
-20.5227
40.7406
110.108
45.0193
-6.514
102.107
88.2121
-42.998
72.1708
133.084
115.528
125.911
22.0756
71.1905
4.09788
67.1694
46.3422
32.4857
-3.87464
129.284
160.287
72.5138
50.3105
112.725
32.0936
12.9821
-25.3828
83.5885
8.61212
45.9468
138.16
73.2284
60.43
21.9731
180.064
79.4453
141.836
60.4512
181.615
-3.82882
38.2831
47.3719
37.7203
117.497
-34.8856
31.9609
55.9302
133.096
5.13471
35.254
180.538
-57.5263
46.323
17.6265
49.2479
75.9497
49.3297
49.4675
135.431
14.1231
51.5416
-11.9304
70.7649
-0.683384
-24.8099
43.2927
84.5675
38.2692
-16.3124
94.5237
34.2501
69.75
83.7079
75.6921
79.0576
20.6122
3.31316
11.673
-28.6105
97.4065
42.2015
0.512159
94.2872
46.0566
-27.4602
-51.526
-9.13615
68.6468
89.4829
25.1019
114.685
38.1958
8.63928
48.9121
32.1064
104.974
68.06
85.9106
19.4917
-8.15104
49.3593
125.664
95.8638
34.5326
74.6865
17.8585
112.285
19.9897
68.2398
-49.0721
-26.343
35.1834
-6.30751
-15.3969
112.962
32.4334
-10.4251
91.2042
45.08
34.4221
119.772
75.8471
-17.9543
108.777
75.408
25.1857
25.7552
93.904
29.0595
-71.5526
23.9529
-12.4542
96.6207
45.8442
61.6119
154.884
-0.658878
40.0343
34.5912
68.3142
48.8196
115.392
98.5585
15.7084
20.6842
-61.8588
90.9591
51.1043
25.7953
55.5298
-4.77729
5.42132
39.3162
46.4729
31.4049
71.9569
2.42016
155.763
0.252005
95.5021
84.3509
-1.544
8.46815
-5.7416
-1.36758
132.895
103.971
91.8511
27.6181
33.7587
45.9452
109.127
13.3259
55.9414
-9.92778
-45.8063
131.667
119.924
59.1117
109.96
67.2687
3.08687
18.4434
92.6982
99.9297
115.651
33.054
-15.1432
-33.7798
34.2943
61.2584
-3.79306
50.4142
41.358
14.0589
107.451
166.235
86.6627
129.488
32.9785
67.0763
17.2508
2.06442
15.422
28.3521
123.238
-4.04336
15.924
47.3474
66.9316
-42.5583
27.117
77.5202
134.527
57.3459
80.6554
163.687
60.8594
-83.1478
95.5437
62.2588
67.6818
-20.855
58.053
94.3943
8.00601
75.8787
-6.99415
135.483
61.9072
44.8498
52.8781
30.0151
-9.94435
171.165
165.865
50.5664
95.8711
140.247
76.5718
63.4234
70.1726
-46.5361
-5.20324
82.0235
65.1249
69.3788
32.3888
152.84
74.2991
54.4532
-42.0608
43.3727
113.373
92.8202
5.34348
110.486
2.0247
46.9614
64.7301
136.917
7.23828
131.361
80.7104
47.2772
23.8508
57.4654
9.62277
45.998
75.0672
17.9094
71.2957
-30.7818
64.0123
53.2666
-66.6871
-27.7888
35.7984
18.3175
118.712
98.5455
86.8714
47.9833
43.9932
79.6509
103.14
45.5956
123.269
52.7645
57.7295
-1.35717
25.0772
-75.3967
103.798
45.8559
13.412
43.4795
97.9062
34.7478
133.383
-4.68976
102.581
62.1443
36.0157
13.3785
136.177
64.0391
68.6037
-83.3851
119.552
101.368
127.08
22.0033
60.2023
47.4196
15.7837
71.76
-38.6889
34.2491
-36.5605
115.836
179.537
16.4376
21.0956
123.221
43.6245
37.8508
-41.554
66.1613
78.9417
35.1011
-36.0234
54.2102
25.0159
58.058
36.6424
101.356
124.513
9.78862
82.2808
59.7923
102.694
82.4651
24.6216
48.0079
53.3189
8.99812
58.7294
41.833
1.5636
49.3293
147.321
40.3313
115.156
48.9266
50.9768
12.3829
68.6843
6.68934
44.0774
92.9568
7.89202
8.06696
-15.9873
-25.6183
51.2372
-14.4715
137.417
68.2742
6.55221
155.78
40.6936
112.116
35.9743
-28.2939
39.4603
60.4285
-11.4327
54.3175
153.671
103.996
63.2915
8.14985
25.5068
12.0824
50.3603
55.2576
52.6806
91.8962
37.8448
55.8888
78.9226
70.5773
104.477
6.32705
118.097
17.044
45.924
83.1937
20.2746
83.7752
118.148
-94.3748
102.189
35.9783
47.4259
1.98336
12.8649
-30.5635
-21.1919
19.4259
118.316
-34.5832
59.6621
101.83
32.6842
-13.654
27.0018
82.6176
16.4817
-26.3049
69.6569
53.7985
98.6342
54.2549
-23.4274
99.8347
27.0081
13.8931
132.806
55.2041
23.3437
59.8097
63.4737
128.1
82.3892
64.4835
5.41268
31.5722
-7.3952
172.389
-49.1753
105.789
68.8109
22.8431
53.9134
32.4573
-14.2162
90.379
43.6497
22.4484
-91.6676
29.1914
98.7147
-3.28401
42.6757
73.9486
85.3575
-21.99
26.7832
97.0241
39.7485
89.5655
44.7996
-11.7254
84.3017
61.637
116.783
68.6395
119.743
130.696
105.944
65.8522
4.39813
57.5835
40.1579
44.1727
99.6821
53.35
64.3517
126.527
28.1168
-7.62161
69.0204
-11.6008
6.70455
69.6174
94.1212
24.7688
27.4942
152.052
113.762
36.456
48.1154
14.5359
98.227
143.031
71.4951
-51.2206
98.7911
3.57781
101.56
33.0307
-23.5589
-8.19475
63.5493
133.79
-44.8908
-1.57608
51.9797
89.5619
57.3961
105.593
-16.187
-0.255381
41.1619
32.3877
9.06587
17.0454
193.152
62.2912
169.7
53.7686
116.734
129.464
79.4519
79.6292
78.8978
53.4407
58.7528
1.73895
37.1232
100.63
44.2063
5.00458
58.6352
74.7124
-29.5519
37.2784
85.6245
106.514
81.796
85.7509
98.3654
76.7214
73.3465
87.0748
34.7396
30.7166
122.366
73.0096
52.3204
120.773
104.135
92.3545
50.6734
24.1457
46.7978
35.42
73.6915
-41.9049
-4.45522
92.0865
47.4457
180.058
21.5786
118.733
96.2709
90.5557
29.3268
105.696
72.5399
19.4833
78.8119
-1.59412
54.2964
-38.6564
56.7072
88.9975
93.8845
-27.0361
16.5769
9.26926
100.379
-28.2477
72.4038
74.3958
67.8774
89.3239
64.6402
99.9947
95.4429
41.7964
59.3473
5.46649
96.2212
14.4128
70.421
73.1734
-12.0224
-4.28915
-5.20838
10.1013
34.7142
113.598
155.534
19.6624
-60.8403
161.806
143.529
76.5288
189.176
75.6331
26.4106
75.5472
30.9364
-3.5609
89.5727
37.0482
82.9237
49.2031
62.8267
13.8796
82.4137
29.4201
131.165
73.4612
17.7955
50.6847
153.155
8.06054
10.7297
82.3785
73.898
93.3332
49.2583
29.6086
65.8266
-13.8335
104.353
66.8498
57.8135
53.8659
10.8292
1.05426
105.556
12.3025
62.6888
22.5625
144.989
38.5894
1.85422
-36.9754
58.1025
101.523
-19.9882
44.9524
-0.363931
104.785
63.2532
114.475
62.5124
10.6028
55.9887
102.195
153.201
-36.9146
43.2638
-61.1589
8.68322
5.56033
28.0628
107.157
49.5802
75.9542
102.422
44.8306
29.4137
171.25
82.9238
77.5751
89.1281
23.8529
9.07293
89.9557
56.1031
73.6554
-3.32101
-10.2757
72.2071
-12.3784
115.653
-41.5597
12.7477
133.281
92.8465
86.7382
56.8923
72.9348
-45.2504
58.4059
8.31375
77.8138
115.561
51.3098
63.5618
103.983
34.8175
99.8382
76.5738
104.876
105.477
21.6999
12.3267
45.5681
55.0181
81.7683
72.1562
-23.5117
72.8626
14.9521
90.8346
-3.59222
59.2825
98.5404
60.9776
30.7235
32.5976
-7.16524
-30.1343
36.3652
79.4875
-6.38271
25.5543
103.627
-25.7817
-12.4573
74.6574
25.4463
-29.5304
91.3853
-16.4995
4.32714
43.6861
23.3144
7.6641
-1.25985
-0.49171
89.4735
81.5997
82.605
22.6332
-16.116
32.9653
23.5556
65.295
33.7603
-3.36362
29.1547
-16.0915
-25.7036
70.6531
-7.79761
92.2993
18.0827
44.7065
27.4955
74.8062
73.0037
-1.32287
18.1016
31.4214
-27.9923
45.5049
118.429
-38.0221
119.357
7.07021
103.075
69.9771
58.041
93.4334
-44.1103
79.5254
61.1558
81.4798
27.3712
106.89
82.9183
-1.29943
56.3435
-29.9469
9.56168
27.3847
-0.033897
8.56468
28.3483
52.427
30.0342
39.7921
67.652
62.0968
77.963
122.548
88.2888
37.9414
55.3732
46.4427
-30.6924
50.9803
99.2617
124.347
85.1339
60.4197
85.9655
80.3075
7.79665
73.1574
120.833
21.1712
62.3094
4.6264
-0.497532
-19.9141
-34.9783
92.3048
-0.654751
123.993
88.3848
-11.8924
107.546
40.4009
55.3637
42.9202
-3.82607
23.3834
114.23
4.00606
56.496
61.2362
108.301
106.916
10.7409
43.0527
-11.4117
36.6885
110.977
21.8852
12.4329
117.882
90.382
-54.9651
127.12
55.3067
22.3577
76.3295
9.23381
108.839
24.6598
74.3641
71.0009
122.778
41.9218
24.298
121.13
47.121
76.051
52.4665
140.216
98.3746
24.381
71.5613
85.7611
129.989
100.075
145.501
158.933
-42.7993
47.3849
140.545
112.377
29.247
73.9715
41.9369
46.8669
-22.3443
-2.2122
86.5092
33.4384
130.698
52.7672
-33.8837
4.64323
66.0555
35.5893
-57.7234
30.5802
-6.88867
26.1617
8.90508
42.8694
68.8712
72.6405
21.5706
100.706
79.3735
50.1923
-11.1623
60.9201
26.8644
-7.65285
88.6612
32.464
93.4332
-14.2552
74.535
54.5176
10.887
77.7893
56.745
-15.2642
77.8949
48.3474
36.9526
19.978
-3.65671
102.71
10.7466
35.1701
-4.73649
47.079
74.4368
28.3421
-79.7691
63.8935
25.1789
-28.4594
43.8809
6.61056
31.8079
130.838
-73.3353
97.3383
-3.5734
37.1295
-6.66691
156.487
30.9137
70.0191
67.9965
160.268
-140.069
149.02
23.4867
106.025
60.6271
168.191
73.9275
135.106
14.197
32.6368
40.5833
115.231
129.231
28.5691
-49.7517
20.8604
56.6953
72.5458
134.743
137.507
-62.2318
10.2978
32.303
40.6644
79.4629
6.61384
22.5071
2.7751
71.5624
121.74
13.395
26.4471
42.0212
78.7986
76.5546
-13.3051
44.5065
68.9012
8.47893
105.709
152.729
32.5912
4.588
5.43517
82.3352
85.6349
59.2862
43.8849
64.3741
143.699
173.969
23.8576
-1.92951
48.1663
-2.96423
124.498
19.8685
36.2422
21.4211
75.8783
-93.7494
96.2155
41.2451
35.969
155.863
120.35
51.831
98.6617
93.2657
100.706
-31.5919
98.7477
-62.2095
188.54
-4.07088
-22.257
10.7186
76.7501
-1.37145
79.7768
102.345
36.3241
53.353
145.944
36.4255
67.63
151.799
25.5728
105.443
165.705
32.5413
41.7281
-24.8366
86.9892
42.0502
131.929
61.4033
75.6481
16.8743
99.7673
7.49071
30.347
56.3649
43.8622
37.1813
138.34
4.85607
126.907
49.1372
95.2344
-99.8115
-34.2483
90.8967
98.2005
59.3441
113.436
111.697
0.747876
117.118
32.7041
-14.2673
33.7263
121.235
30.2162
92.3472
140.843
-0.680548
-23.0273
-98.6223
109.325
-2.64926
90.2787
153.435
80.1235
151.238
49.6486
21.7853
40.34
-28.3321
93.954
53.1065
25.376
45.8519
-23.1171
134.226
62.4171
130.935
112.143
87.7892
129.028
106.565
32.925
44.4135
57.8578
50.1592
91.0712
63.9739
77.724
-14.6851
86.9652
94.3038
-21.3308
119.706
85.2446
31.568
104.343
139.673
19.6875
162.145
148.502
89.7193
28.4934
24.002
21.2155
73.0348
92.5658
36.6427
23.3152
-12.7254
107.321
102.458
-27.6902
45.7619
56.2757
103.412
134.962
66.3239
146.171
73.1812
126.942
-37.4636
-30.5237
38.182
-59.9531
49.5146
9.10498
57.276
50.203
47.01
47.1452
8.42551
27.1444
59.2691
151.845
-69.8404
89.015
48.8402
52.4264
88.5057
37.2454
122.249
110.283
38.4901
27.0247
44.3949
-21.0235
137.983
100.894
-6.99081
-22.7137
118.826
46.7165
55.2015
36.7959
77.6696
80.4957
43.5873
-11.8631
77.884
-13.4916
21.0986
72.8564
80.8179
86.3616
41.7822
50.1309
67.1377
39.7667
24.9735
45.5016
30.5427
45.311
141.153
16.332
135.634
55.9547
148.453
-30.4977
-1.67657
22.3143
41.3111
25.5531
17.8818
23.2798
54.7814
37.8841
39.3061
97.2017
15.958
141.043
22.8942
68.6526
86.8222
83.7572
98.9378
26.5996
35.6516
127.673
23.0261
69.3653
65.8873
-44.3755
106.763
16.0391
51.9288
2.09795
14.4576
69.4019
108.13
140.608
60.0549
50.4346
95.1079
8.26143
39.8371
65.9174
40.2306
34.5688
-34.5744
86.319
5.12047
-57.7339
34.3944
35.6199
-6.39974
-15.3435
54.9987
134.386
3.83493
47.6751
75.3105
89.1945
-25.1335
108.012
68.8115
45.3076
32.7744
57.2841
6.3814
93.1192
-15.7554
-7.59697
-14.3558
-1.29295
63.7162
61.5045
136.837
63.9664
55.9393
-33.2758
77.1928
45.455
-21.7833
35.4283
28.9674
-20.7193
34.6401
15.8244
12.4622
91.819
20.5589
105.772
73.8526
73.3377
82.635
-27.3265
87.7329
123.266
11.9073
16.6552
129.74
8.6484
-30.4504
118.944
107.66
73.9988
127.79
128.937
129.862
131.027
52.6657
-21.2647
-22.4329
119.683
58.481
91.0301
97.8531
44.4326
94.9806
-5.41472
51.402
-41.8203
30.9722
90.4738
109.756
-6.73024
127.088
108.2
8.31259
24.7063
-37.1654
-19.6397
29.1426
97.5173
30.4186
-66.036
51.9613
11.0338
148.681
29.5911
24.7631
-20.1435
117.114
146.838
108.16
44.5865
4.70636
110.116
-2.203
5.35265
-12.7219
53.0274
88.8213
-19.8312
-44.2829
104.329
87.405
63.8094
23.4078
50.6439
143.016
87.3664
72.6046
69.3594
93.8165
96.6229
83.8058
-14.9232
132.126
46.6798
-1.42305
36.3048
-21.3244
85.4464
70.6478
-11.9897
66.6307
-12.5927
113.225
8.59931
46.5264
-51.3228
59.415
12.0238
-53.6596
25.6334
7.56936
168.691
97.5915
111.6
32.2242
-40.9196
-63.0765
41.8586
74.3883
84.2791
39.0983
39.6581
1.01186
41.4453
-19.9442
87.4415
2.36646
12.4557
101.493
69.6389
59.0185
-17.8183
17.1787
60.0884
-83.5788
-4.54022
65.4453
20.2123
115.869
87.9383
49.6024
64.6178
29.6732
77.7513
-33.5091
64.8856
105.148
15.7619
108.546
38.7111
73.9706
43.7598
41.5947
70.3364
88.18
41.5202
35.9411
119.973
10.3053
95.2803
-0.349985
59.1111
-24.247
25.6734
51.723
25.6115
170.175
42.7296
85.2007
62.7364
34.0976
119.504
2.17877
44.9879
89.7983
-22.3687
24.8186
110.459
83.6018
31.7546
-52.0581
14.466
125.262
32.3082
144.432
26.3921
64.2318
81.1768
27.6462
49.5152
4.87242
52.3647
89.5086
84.4955
11.5227
-6.42237
14.2422
-39.7471
55.7388
-16.3439
34.9402
92.3928
32.396
20.9124
119.073
102.47
37.1992
67.2942
26.3426
115.692
71.7209
28.8253
120.96
-19.4167
33.3949
2.59331
117.068
106.538
54.8696
37.1512
100.385
-10.6837
38.3458
2.85423
6.01083
46.0342
153.631
125.527
20.7735
35.5157
105.286
219.908
105.792
39.5447
90.4982
12.8522
109.039
-79.5574
67.1888
1.41231
51.6333
115.203
87.8292
102.154
140.496
14.1518
-7.32737
-20.7431
84.1235
100.97
-22.1855
73.9468
-4.17511
26.1044
62.2472
109.866
-30.352
7.70528
-26.7828
8.43336
19.8695
50.7319
99.6707
22.2978
36.7336
101.815
64.3593
28.4979
25.0123
33.3747
14.7086
85.9503
78.3519
19.3804
30.9788
3.29691
66.2347
88.3344
18.0752
139.49
41.7156
-39.7761
112.155
42.4027
-5.4725
49.7416
156.059
91.6801
134.038
16
-8.5028
64.8988
81.7771
8.45415
4.89014
84.5612
2.48817
33.0631
0.246175
16.8958
63.946
70.1888
68.9596
13.849
43.6856
36.9036
34.1802
112.475
80.7671
55.5609
40.6926
33.3688
54.1055
23.2402
69.9881
54.5808
-7.5711
98.0614
56.9098
-12.7741
148.604
160.345
7.91169
87.4309
40.9189
60.0658
60.7894
-27.5562
49.414
-0.881376
125.399
8.60028
68.987
118.931
75.3539
6.205
80.5886
-21.6305
115.602
63.3069
55.0693
27.927
43.9004
99.4918
-53.4604
125.808
53.7105
-25.2009
68.5222
52.382
-8.2604
156.888
25.8976
65.5582
119.93
77.9415
55.6645
86.0926
10.2904
120.201
83.053
-13.3888
34.2122
52.0705
39.8354
61.9948
52.0244
105.087
152.934
26.4529
0.852648
32.6357
-2.1144
75.9891
97.7597
37.7036
66.4619
86.4352
30.5011
69.1603
-47.1695
47.0814
15.9962
48.2506
59.2379
69.4856
99.3686
27.3713
92.3078
14.424
61.7653
-17.7327
30.491
-0.79602
66.7522
104.923
0.811631
35.5476
-24.8528
94.0143
50.8553
28.161
110.716
12.7121
58.5059
-5.10131
53.1596
58.5793
17.4447
109.01
117.987
13.9907
-20.5816
62.298
-38.7543
66.4962
65.4299
-6.84649
150.909
87.0722
-60.6971
37.5734
32.8963
85.7062
31.0005
28.9658
69.0035
46.6833
76.6436
9.96173
109.002
55.3823
109.295
-19.9613
174.276
50.7522
81.8082
-4.5274
-20.9319
101.36
-3.90695
76.7575
115.418
24.8972
138.768
102.953
32.6004
-18.781
62.0197
45.8659
94.942
7.94576
49.8438
139.292
28.1362
31.5354
22.0655
19.3182
55.3269
31.6036
-68.0499
-0.211994
90.5375
10.8753
100.13
38.278
186.89
1.26064
-19.6033
150.361
-8.49575
84.4941
29.916
71.9225
106.854
86.4002
7.22194
148.359
19.4297
33.999
48.3967
101.119
66.2541
55.1501
108.981
17.852
74.0242
82.3664
85.2393
18.0354
43.6577
70.1527
17.164
-30.7849
46.3723
35.0697
18.3346
82.1812
36.787
27.5759
93.8122
78.2548
143.243
-4.70465
75.3108
34.4773
-20.5799
102.024
2.12994
17.1306
-7.34728
89.1493
24.5017
39.8615
58.4254
-60.8906
89.0857
-27.2411
209.348
24.4088
29.1876
90.7272
92.8977
53.1572
7.69938
3.09275
86.1568
148.353
113.932
87.3947
28.0096
111.505
108.4
22.5532
33.6489
44.5862
77.2518
128.067
47.5477
75.4559
-69.2721
117.985
57.7033
96.7392
-0.479377
28.8349
109.501
17.5197
21.5725
-14.8189
128.704
130.515
18.5775
50.211
78.8632
48.5942
150.841
29.2525
34.9933
39.4397
105.434
89.9898
56.4173
-5.81734
17.1423
48.5397
20.0054
47.8263
107.947
101.653
15.6835
9.14765
166.38
79.0193
11.7936
32.4284
87.6428
88.4418
84.0688
43.4092
-39.4584
28.1771
-29.8577
34.6725
43.3403
9.21603
47.5074
0.438046
84.2613
66.9925
-7.43703
2.48605
75.9048
152.081
102.707
111.361
-1.29768
129.606
133.915
111.032
47.4346
76.2518
29.2424
-12.2578
83.9553
27.1136
-8.91138
-0.533702
1.71662
87.0765
-13.3382
120.606
63.4185
130.18
37.5921
47.2066
82.7768
16.2822
58.2837
86.5087
17.4744
93.3687
99.5702
6.34671
101.133
16.0413
-25.1422
64.8596
102.896
94.4021
69.7138
30.5544
49.393
-1.44067
-25.2825
87.4042
54.382
-0.632776
115.813
30.6093
67.0931
17.6934
2.482
-15.0692
-23.8805
47.8769
29.3302
18.7805
43.1517
41.9699
14.7342
23.2972
77.746
21.1558
113.464
56.662
93.7135
-21.3899
45.6737
57.8855
-13.6662
58.0431
114.291
73.3213
29.4082
105.593
-18.9576
22.0647
100.761
-5.10276
152.555
131.55
45.6709
51.3829
-12.0508
6.6031
140.678
91.2947
51.2052
-35.2547
21.5563
74.3034
-38.9234
89.4726
129.685
30.0569
42.5516
56.465
133.245
108.182
90.3595
22.4657
15.5943
85.1118
12.0493
80.3321
78.7659
129.7
50.2239
70.2638
65.0164
70.679
13.3281
35.889
78.1821
43.3143
22.506
135.565
90.6858
76.8305
90.8494
75.4782
-9.04166
53.664
37.1924
65.3775
51.8895
129.222
82.4578
21.1011
8.78432
37.9239
31.4936
19.9009
51.2277
16.0923
2.19027
-62.2267
-26.0473
11.4868
21.0153
28.9253
19.7963
79.671
32.551
7.3472
24.1697
112.116
41.9024
75.8764
37.6267
104.844
55.3204
149.114
89.0801
28.675
29.7654
110.932
39.745
24.9143
31.9079
54.7354
-58.0007
5.99742
114.02
-12.7585
-4.22349
-3.42795
49.3175
-25.8955
-34.8797
62.0534
7.42978
-4.5927
70.0307
91.2767
18.8214
-10.7573
118.881
-57.571
90.8387
27.2636
8.84245
29.8466
48.499
107.894
27.148
4.36571
75.0425
-15.1421
104.201
-44.7764
38.6961
60.0637
48.2403
37.0621
61.1195
70.8209
89.4093
84.3112
147.709
55.7383
129.367
62.1948
5.51784
64.2732
150.228
80.1889
19.4539
65.7111
51.6625
-10.8108
-67.0201
37.7875
114.213
63.9224
-18.0738
81.2882
110.258
63.7062
65.5654
-19.4471
-40.2739
153.007
-6.23184
49.5715
25.9598
35.5487
102.44
21.5437
148.308
-12.0501
94.0228
46.8161
52.997
103.111
28.0026
105.058
13.0116
145.834
51.891
-7.42604
85.8534
65.5495
67.25
75.1013
54.3659
68.8106
27.6804
-59.4523
66.8138
-4.23325
73.8281
51.2328
53.3575
-50.55
45.2542
115.668
54.441
47.105
-2.79297
78.7644
4.3244
61.4257
1.92002
54.5857
95.8707
-22.6884
87.1144
32.0491
64.0957
118.704
50.2816
-52.026
144.869
87.4665
61.6053
38.5746
117.521
82.6266
70.8714
-11.8519
76.4744
30.7828
142.749
79.4806
126.656
63.1634
-90.7322
-9.25377
-20.8985
13.2469
61.9
70.0211
109.851
77.3819
64.8506
105.418
133.775
-84.5126
72.8454
-7.89308
146.372
72.3119
11.2394
130.275
8.45357
52.478
35.7066
58.0364
8.39266
36.8454
-8.89978
66.7269
76.5282
52.0392
64.0154
12.0804
51.8557
97.6088
102.831
71.5532
-75.4252
12.0721
51.621
-8.39915
123.319
-7.09562
12.8921
44.1946
26.4033
10.6536
37.3276
-5.21073
20.4345
-97.4776
46.3093
64.2012
45.0089
39.7078
70.2575
114.979
23.113
25.4023
96.2405
93.5672
96.2841
61.2757
48.4586
18.7546
99.1065
-36.0268
53.1054
105.888
24.2189
-1.38605
56.5043
24.5413
-23.508
69.3967
24.9629
30.1404
7.41798
0.36302
44.4549
82.7741
18.0164
43.8228
27.3502
2.54653
17.8092
90.3736
82.2128
80.7603
106.24
40.9312
30.5388
25.0002
18.9177
87.6101
-5.9633
-15.0901
2.27543
79.1954
-36.3017
29.7491
45.3489
65.4609
-58.6637
22.5914
101.116
-26.5769
39.0456
54.7477
139.899
108.612
16.7643
-19.9332
40.2281
45.0886
58.0888
0.976544
-17.1492
45.274
31.8894
22.3626
118.207
-31.3657
50.9582
-30.3418
-10.2402
63.7909
-27.3453
50.1752
93.2477
13.6648
66.6093
-1.58849
72.3949
23.4679
130.551
85.9435
46.4706
40.6362
58.1299
22.3824
33.76
115.775
94.6154
22.1051
82.3629
35.8416
36.9635
75.7614
112.548
83.0113
8.51723
61.2346
61.9568
86.4153
137.17
13.1551
26.2495
23.7106
15.8325
10.7543
34.4112
49.468
43.3941
-20.335
66.1911
37.097
-44.3265
45.1856
24.3913
21.596
-62.0588
43.1944
11.4655
19.7819
79.1332
-0.109469
132.03
41.1904
76.7655
18.3935
14.6547
50.3228
-4.56565
-18.0011
91.066
98.9094
-5.8129
80.6289
44.8429
53.6051
19.3304
0.82879
49.3462
84.9006
65.372
42.3825
139.737
64.7414
8.2464
-7.62716
40.5539
16.5019
18.0376
83.855
30.5724
72.5047
113.44
123.66
112.674
21.4014
45.4893
16.5407
-11.9338
-40.3961
93.5995
71.5775
62.7483
73.1911
-61.1683
34.9836
44.4693
40.9215
93.7776
66.9205
40.609
-1.90564
58.8811
64.4736
69.8787
87.471
45.0592
117.551
50.8896
83.3373
82.568
35.0287
33.5424
82.8064
33.5485
-16.2367
136.288
62.0115
53.3734
65.547
15.9506
30.0042
38.8202
69.9342
137.194
-27.8518
6.06874
141.228
49.5979
-22.2498
30.0374
30.7781
89.4984
35.8431
52.6556
67.4773
-29.537
96.2525
48.8093
50.8717
-29.9206
29.0371
40.0512
28.4817
44.3492
28.4377
8.34963
54.2242
71.2359
49.4177
104.12
33.955
54.7318
73.6063
17.8406
-21.5977
43.7295
24.9244
24.9219
93.0037
-7.46353
4.11817
56.4893
10.3153
28.5489
124.54
35.9198
77.9884
-30.3096
20.339
-35.3277
79.7183
37.2783
11.156
19.2162
75.3787
80.5953
11.7124
82.346
42.1438
-1.57169
91.7211
106.404
107.515
-74.1171
-10.1437
44.8061
16.9602
66.9962
90.8648
1.76172
4.20291
74.2412
18.3778
69.8242
55.584
135.56
15.663
154.939
-0.178993
32.4857
83.2583
3.58356
73.4945
127.734
120.945
29.9379
101.008
111.869
67.4273
29.303
-15.885
14.786
3.08631
62.8709
44.1528
69.4606
86.9604
35.4155
10.6501
48.2066
61.3872
132.682
-2.31002
66.5211
81.8162
48.5649
81.5682
72.4157
42.2947
1.79379
5.3317
51.7001
24.4598
57.6086
38.6304
120
118.214
75.4425
61.1118
142.182
119.811
99.0071
88.5814
47.6841
82.1418
106.15
35.596
-88.1795
136.034
119.918
79.7676
46.8267
90.6859
110.138
-55.9655
52.5696
88.3011
127.08
79.1037
100.037
89.6021
25.4615
73.6024
89.7366
92.8506
-4.31068
101.657
59.1006
66.6932
38.0973
75.4131
101.134
118.315
51.1732
80.1983
69.4566
-22.3011
29.4629
8.404
62.1054
26.637
60.8638
18.6512
163.384
88.0287
38.7346
-5.41863
58.7803
61.9549
39.5443
8.1062
59.1337
72.7453
-8.04092
-32.6531
83.92
34.1558
45.2766
-9.54396
64.7002
125.776
109.078
17.4508
-5.79724
102.883
26.6598
57.596
-39.2074
-23.8373
62.6186
37.4272
20.2662
29.5747
125.941
132.368
12.3642
27.8998
89.5111
70.7612
-45.7428
95.9069
54.68
-15.5077
-30.3934
42.3016
11.143
25.5722
85.5999
74.1608
-32.1171
58.4449
72.8001
30.3124
143.1
85.0347
93.8304
129.576
79.5235
94.2077
65.1948
4.48016
-42.3022
54.6854
-20.5356
-2.18924
103.824
27.1538
6.72097
6.77002
55.6617
40.9909
43.011
41.0406
56.3666
10.8713
26.0208
-38.1991
96.5081
5.24273
40.3383
53.151
64.1806
6.10059
99.5622
22.1718
57.1495
-40.689
131.68
74.1857
-34.9887
40.3858
-15.0165
103.511
51.4732
157.251
38.9818
-1.78049
28.3574
155.861
130.601
35.8499
20.1813
19.7436
44.0565
39.292
49.5519
12.0931
37.0852
83.3812
-8.72533
35.6153
13.0418
-21.4453
29.906
86.1029
94.1705
86.8643
112.439
3.96951
126.777
87.953
58.8186
41.3485
83.5247
12.8966
50.4691
-7.37075
25.4975
54.949
-25.0353
64.3699
98.2891
-2.72616
81.5326
68.1794
34.7844
47.0471
73.2904
150.12
-29.5822
48.0048
-22.4833
145.514
106.276
21.9508
74.8646
33.89
-29.2911
2.72779
-31.009
-69.8445
109.856
-84.6285
38.0825
123.659
93.2764
14.4467
26.5894
2.5621
-41.1519
116.916
-16.4922
82.7311
18.3054
12.0637
21.0691
69.1879
52.6272
18.7
68.9454
54.9154
109.456
12.7236
147.661
14.8772
51.5183
73.4877
97.6159
7.91655
50.7168
37.6737
98.7307
63.9877
37.4977
3.12331
21.7187
100.165
-13.3864
8.58954
-15.4267
30.203
190.897
46.2941
-50.9352
-36.9366
61.3558
2.19728
31.3704
26.3076
174.228
22.1205
143.412
61.2699
59.6398
68.1074
-7.60355
-7.38199
48.3431
7.47247
64.3845
32.8167
61.2064
-30.734
41.7665
-26.1608
21.7673
44.4007
-50.0081
33.7946
140.946
69.151
20.624
-18.2666
85.4217
28.5916
31.0092
72.0117
54.057
-4.7734
-75.8097
101.546
96.7156
-17.8717
84.8606
53.4277
33.331
180.532
133.199
172.824
-10.2319
47.0133
125.393
102.87
31.3609
34.8083
80.1431
50.883
57.1058
96.6558
47.6899
43.3496
60.05
27.8882
20.8936
19.6632
-8.527
49.794
104.65
18.609
65.3115
61.7667
-26.7906
-6.94776
62.361
6.80659
75.1053
167.455
45.6041
22.9453
-31.9293
-19.6225
103.594
58.0326
48.854
113.081
-86.8915
-21.8247
22.826
96.5501
72.0541
75.8741
124.064
75.4708
40.6356
70.2574
59.7435
33.8568
4.7338
17.8502
99.0219
77.1285
24.2894
59.3721
60.1632
71.9665
-2.8137
45.0207
11.7656
83.8667
65.3331
113.562
44.1093
-35.2996
18.1337
35.373
70.5
75.0136
0.833187
83.2745
57.2059
8.69412
134.277
64.5796
-0.890094
-9.68627
0.755378
10.8368
50.9798
50.1901
-2.71567
77.2929
12.6997
58.14
124.307
0.858145
-67.5259
79.422
-29.4658
68.3438
-1.56233
117.615
76.9655
48.0472
137.437
33.1651
111.394
179.069
37.5096
-4.30834
100.008
20.0653
21.3493
135.183
98.9239
30.787
17.5251
54.1328
26.5078
61.7352
11.2626
68.3647
67.1463
69.9977
73.8782
80.8684
18.68
34.1767
66.9784
46.9329
88.6816
46.5952
60.2132
4.86508
-29.4931
142.82
-29.9979
-19.6269
115.006
-22.8025
28.4835
58.5446
43.1449
47.3702
64.4001
15.2393
39.1166
43.2628
77.9184
43.9144
-44.1739
64.068
22.9839
40.4345
78.9204
155.19
26.0903
-8.5643
-28.7463
38.3237
50.8783
-23.5608
30.3551
32.2878
36.6904
138.237
107.985
-36.8033
50.4465
-6.37926
79.3527
91.7497
67.3048
-28.2046
84.514
135.338
17.3739
12.0645
84.1808
105.634
-8.77237
43.2111
61.4084
45.7425
20.2419
24.1334
18.6286
54.6025
74.1496
111.038
-15.2339
-12.1968
61.0013
123.312
79.5944
65.9677
36.6409
65.4194
18.2336
3.19314
39.8011
42.7419
41.6935
117.227
182.494
59.2557
89.4477
81.8648
101.524
-79.6795
28.0505
55.9736
60.0506
41.1704
123.135
119.066
69.3779
82.9095
65.2873
105.271
12.754
46.18
-39.1868
102.002
-7.04436
0.931887
-52.1671
108.733
-51.5377
-19.8328
55.6208
84.7501
18.5159
34.8343
28.0532
73.7451
48.2924
49.3932
84.7561
91.2868
42.4791
52.2838
49.1879
84.6472
145.399
-42.8225
36.3949
105.907
53.2027
-36.6574
66.316
93.99
75.2362
72.1731
3.81364
53.6171
80.5609
83.6368
-14.3942
71.8053
6.59395
82.0392
19.2867
58.3704
7.65842
43.6954
53.8436
9.00257
68.0366
44.1291
42.9097
39.9516
53.3846
58.9145
50.4289
75.4587
95.5579
-30.7139
60.7625
157.16
46.5876
22.3315
50.777
88.706
34.7037
14.7259
37.8394
-20.4045
42.539
10.9497
71.5432
-0.87341
31.1812
12.4755
121.066
80.5167
33.8887
-8.3422
31.1103
15.9526
31.3164
78.7436
90.0526
46.8455
38.7233
91.6679
51.57
83.7773
99.1646
84.7943
67.9465
63.4034
-15.6948
143.352
-8.68146
65.1408
93.7031
125.871
69.6431
70.1291
145.6
6.65611
39.8809
121.475
33.3255
8.68898
14.0596
53.5241
59.6053
-2.68812
102.774
96.0762
113.493
-13.1979
136.519
64.4463
18.8834
64.9285
72.5407
-83.9435
135.502
6.50968
125.028
0.0316282
145.755
62.6148
56.1868
-16.1301
10.2597
133.979
47.6635
79.5229
16.1777
103.048
81.5485
141.105
55.0102
-23.3766
-20.6826
79.5578
41.7492
62.3905
89.7525
-0.371687
11.1791
122.17
-25.7165
86.5761
85.0455
18.7398
120.102
102.27
121.13
87.1151
90.1304
37.7618
97.6424
77.2386
12.9251
50.3738
80.5182
87.9542
43.4445
-45.997
33.8884
-23.5661
25.72
40.9749
27.0073
29.4781
109.41
19.5824
108.089
18.5237
-7.50207
45.9116
19.3687
107.817
0.471935
-69.3393
104.377
-1.1572
78.3841
109.174
110.576
47.2951
53.7021
75.6977
73.7002
152.219
100.076
-18.5226
80.6117
65.82
100.879
40.6688
-85.2503
74.4322
13.3458
-11.9635
48.1628
-34.7706
89.9225
-76.2538
-10.173
-4.05522
15.5269
-26.8209
52.2657
74.6889
39.9345
36.7518
43.8284
2.48746
131.522
-3.43256
44.0209
95.8632
41.4231
104.311
105.089
27.0302
-36.4484
14.4728
4.84519
40.2116
71.3027
37.4901
79.7327
66.869
68.9334
40.6469
95.3728
48.0996
26.1901
135.146
59.1362
45.1823
-27.3545
-32.0603
64.9576
-10.8861
162.355
30.7006
63.8812
100.582
27.3236
61.657
34.3121
27.9669
111.021
65.0976
76.9986
38.8876
49.402
98.5963
83.701
74.9957
24.6648
39.7924
45.0271
65.9527
33.4631
30.4157
62.8756
-16.8343
94.2295
117.184
58.0671
96.7466
65.4051
162.054
-22.2412
96.8867
30.7133
-3.67073
79.1074
71.0629
35.0554
67.2773
41.8952
33.0797
10.4489
42.013
10.8486
51.9781
5.30895
85.3801
4.57788
123.773
39.9752
58.6649
47.1364
-66.9511
50.8123
39.6325
30.1828
129.927
-24.8594
67.3966
-16.5756
129.469
27.2105
46.0028
99.7995
84.1925
63.0173
131.293
105.95
96.0134
44.1361
156.896
14.0044
-45.9906
1.76858
35.0637
49.1618
124.525
104.315
127.56
91.2205
82.4757
13.2523
53.6698
91.3337
47.9963
99.5854
86.3581
10.2895
80.7228
109.967
45.0509
-55.6101
43.333
7.38064
172.584
15.3161
135.214
-0.0616747
103.704
-70.3661
149.492
41.6675
80.8323
105.373
-15.3312
2.84709
-57.1966
-5.14992
-7.83943
96.9898
125.144
31.5703
40.3599
18.1447
-0.862653
-28.4797
18.7425
49.0971
24.5565
97.2446
126.576
33.7451
86.9017
62.6588
-29.6313
32.0937
63.5
60.8301
28.4625
95.4759
91.6682
100.554
96.7043
71.4889
10.5778
107.717
5.84439
38.3394
111.254
59.2837
25.1658
117.239
10.2403
25.8774
79.7348
141.247
127.033
3.85592
33.1465
138.191
83.746
148.313
101.899
43.1252
-24.7446
60.0359
124.654
41.1193
29.5974
-4.06205
108.476
95.7349
-57.7963
88.0702
-13.3838
10.8826
63.083
62.5142
84.4874
4.40055
23.5665
99.2313
-11.5639
-2.64956
43.2056
43.6448
109.857
69.2211
12.7051
65.8303
91.3086
-33.582
158.13
36.2421
109.701
13.157
52.9202
-7.20816
60.5495
74.687
-1.22909
101.073
32.399
15.2787
29.0316
84.5596
85.8861
100.104
78.8659
78.4876
24.3558
51.6004
37.1642
10.2806
-0.0318729
66.77
-91.179
93.2497
48.0529
51.3932
56.2749
-2.23646
51.9081
58.4105
10.9845
44.4547
42.79
7.42874
28.6338
12.7713
-22.0863
-6.07829
74.4668
-21.7797
-33.9043
46.8113
110.056
-3.37406
134.097
164.433
67.4395
-19.4535
84.4521
30.4725
38.5283
-71.2687
76.6636
71.7521
111.016
104.372
1.72169
85.5339
54.3328
135.266
62.3364
12.5639
81.821
41.371
41.0451
83.9515
-13.4489
84.0688
18.281
107.232
108.391
50.1235
11.4757
54.5387
51.2702
20.5445
57.4701
103.493
102.742
102.751
93.0203
32.3926
163.893
-78.1452
91.1522
90.098
8.22059
119.378
24.7598
13.9486
86.4871
58.9911
66.0744
-3.00582
12.5677
4.62094
54.4854
-39.7865
42.3487
49.4896
5.25827
138.158
-41.3907
3.45429
103.402
79.88
-7.23063
54.519
64.9904
68.1161
101.798
59.0465
10.4707
-27.2025
50.0368
-48.3897
60.4955
81.0369
14.3498
131.192
71.4535
60.0198
121.81
45.6596
80.1722
19.3239
66.7318
57.107
52.7805
40.5654
69.8714
62.928
110.304
89.6965
32.2506
68.8509
-18.1425
84.5994
24.2871
123.824
40.1728
73.6808
51.2128
66.8522
48.7692
64.8866
85.6987
119.897
50.1987
161.372
-44.5637
71.2628
108.187
53.801
96.2038
76.2556
7.60136
103.082
86.1253
37.7847
101.457
78.0103
39.2327
56.4786
82.9111
-62.8914
67.1927
87.4043
92.806
106.598
120.186
123.724
139.036
16.1438
64.6024
40.444
40.0792
13.4385
-4.69406
66.9872
111.252
-4.89713
43.8709
92.1135
-3.555
-55.2305
-2.60559
40.3225
39.0893
6.1187
24.8238
88.4
10.1774
-15.0876
25.0163
10.4469
16.1883
33.7794
87.4738
-44.8244
87.3377
51.0346
42.7845
28.9242
11.3859
-20.3994
1.96548
36.7553
43.2849
-3.92747
74.8551
73.3926
106.413
0.831559
50.5109
143.701
71.1738
139.626
80.4089
83.606
40.909
25.8481
16.7262
14.5134
-21.5954
0.00310894
48.1877
87.1308
102.029
58.2075
96.7868
20.8744
84.6665
53.7894
10.322
94.1336
119.631
35.6349
-32.5936
-16.7731
135.252
47.8801
96.9312
105.949
44.8902
2.51913
26.337
112.261
111.531
76.3792
-59.8579
73.4294
59.2259
2.5224
-70.9707
33.3532
104.785
116.532
103.854
33.1859
100.504
88.5638
31.9773
51.9987
27.0454
26.7247
-34.9946
98.113
38.078
19.287
66.3918
37.7849
74.1043
33.2455
98.2952
43.0912
72.0904
101.065
90.9358
57.3621
51.6948
101.226
-29.8935
40.2933
-13.6355
35.6928
-9.02093
9.04563
58.5047
-2.88413
-2.51913
84.5501
10.2663
-0.0238906
15.272
-2.12871
22.3965
88.5901
47.5315
25.0584
8.35228
14.7042
43.8449
45.1707
127.88
29.4694
13.0948
98.0139
63.2665
72.5296
25.6499
52.5916
-17.9618
60.1323
43.5831
38.8372
177.901
64.4231
22.1198
51.8117
66.341
70.5745
14.2002
35.6233
62.4362
108.811
38.1614
-45.866
101.642
4.42723
1.51435
103.698
57.4671
147.606
43.6286
23.9831
45.0619
28.5425
91.7147
24.4832
43.8308
64.6906
62.7212
52.1001
77.3086
64.7573
161.33
69.7241
-45.1145
123.091
38.367
18.2094
74.0983
82.3551
38.0808
18.1556
44.1224
-43.7192
50.9864
93.1177
66.5409
75.0149
73.9703
1.60704
68.8805
57.9144
-6.44467
68.4202
93.0615
72.2607
58.0784
72.2929
120.206
55.4104
59.4595
118.472
-9.49147
102.172
54.9456
16.9322
81.4697
96.9612
117.837
72.5822
127.414
77.1311
27.8472
165.549
6.47834
-53.2547
88.3921
33.7938
-48.9729
10.2079
55.2932
21.6551
49.2888
98.5969
84.7178
-11.3151
155.276
-14.5782
-9.49104
38.8513
47.2826
49.6226
79.5383
-0.490862
101.987
142.864
5.7808
53.1167
49.857
3.28507
10.5805
43.3501
74.9379
16.4887
11.4405
29.9779
-8.84646
43.3318
66.0751
2.51581
60.9224
125.377
40.5768
89.0301
36.4138
-10.4409
38.0013
85.8992
63.0608
58.0897
11.0185
48.0371
141.053
-5.09236
110.755
-16.1896
42.9336
-44.1491
32.0857
51.5741
26.56
30.8548
60.1798
77.0174
79.9071
72.0118
55.7654
-44.7687
15.5446
122.963
16.1892
36.8689
46.6408
7.54069
16.2017
48.4946
11.8615
134.605
42.2758
52.81
86.3637
84.5465
65.9024
-9.51676
-1.75778
84.5454
94.8902
-8.07275
-14.7183
44.9894
-32.3282
152.413
10.2893
87.3709
-4.94321
0.953144
87.9359
-71.2561
6.04455
44.5769
91.4546
135.291
44.5855
94.7781
-33.6444
150.13
-25.7234
37.0316
19.1216
44.6299
6.55288
9.70039
31.9084
70.2544
-2.48837
-9.40582
27.3187
4.20364
36.9817
20.2262
91.773
107.348
35.1765
-48.4888
42.3761
31.3784
12.1028
112.477
29.2343
112.905
61.291
79.3709
33.7255
-14.0378
-13.6628
-9.86885
-66.7719
116.371
66.3484
-59.1774
62.5051
-30.054
29.8378
-15.3098
104.194
27.8927
-22.5114
38.9062
63.7181
59.402
69.8187
-9.85449
94.4218
73.3984
44.524
110.35
186.42
56.7413
108.089
-31.9303
-5.38581
55.2505
85.4731
50.2046
-34.0395
68.7282
95.5614
62.5121
37.5571
112.047
130.481
-0.31949
87.8908
67.0214
10.4453
6.542
73.8295
2.82094
-23.94
-17.5093
61.0587
23.0379
57.2989
41.8006
45.7487
-23.4085
33.7614
62.026
59.2385
18.5108
11.111
90.2558
29.0266
-52.175
118.949
37.1813
81.8125
163.102
-2.47887
24.2822
-7.44735
-26.1962
-12.7288
100.688
56.0208
88.4099
12.3261
-15.2401
28.0598
85.255
7.39212
29.4636
39.9807
104.078
107.477
57.9113
156.948
-32.8993
17.3394
80.7813
103.846
152.128
42.9911
36.0257
45.6021
103.635
-61.2269
128.294
6.98247
-5.7328
63.2918
101.398
117.527
88.4982
70.0514
-29.3982
47.5785
27.2536
-29.5219
-3.08891
24.3014
36.9518
16.0643
75.956
117.171
-3.62837
238.085
2.58319
51.5489
44.674
64.005
51.4789
22.6831
132.679
87.3527
147.013
-134.811
58.996
154.664
31.1064
51.1535
-12.6429
62.1158
79.7177
2.00901
72.3205
61.1184
-81.4311
77.3191
176.942
10.8313
118.609
36.4364
16.9664
95.1873
114.287
-27.3771
59.46
78.4036
25.5355
55.9447
-25.9376
-34.5419
38.622
18.5396
-6.49136
51.4589
109.514
-26.1634
2.23335
-18.1531
42.9542
-71.8546
89.8708
116.968
2.49327
140.903
126.74
31.7448
17.5936
71.302
12.9541
58.3768
-18.3839
20.1488
7.27331
107.967
81.7312
53.0981
41.344
152.577
-24.215
55.4543
33.5221
3.25409
10.7933
24.7602
49.5881
37.8826
11.986
18.1828
68.9793
12.4399
96.9672
-79.633
83.452
142.15
58.3195
42.6805
119.142
-0.130142
52.869
98.2006
64.6383
100.632
42.8451
59.573
76.9848
95.1012
-23.4933
42.7586
94.1618
23.407
96.0313
120.128
19.9623
77.828
45.5294
104.597
65.3204
92.7914
18.6661
56.4272
-47.1368
-8.44655
30.7573
34.115
-54.6336
47.3622
84.4069
49.4228
-21.3344
51.0771
-41.739
123.742
140.604
57.0216
67.8469
31.0402
15.5639
52.7603
-40.335
20.9186
111.136
85.9142
18.4596
-42.2793
24.5744
16.4763
77.5362
54.4855
14.6784
114.977
-16.0202
147.439
84.9769
-58.5647
-6.10508
77.4701
3.76068
44.426
105.043
59.9926
18.4938
65.6557
33.3644
49.8973
18.3862
82.7359
77.7138
37.0047
87.5465
68.2626
32.9796
59.6511
153.829
52.939
-22.8893
-29.8186
93.4819
0.30181
27.707
79.5277
32.7308
14.769
44.424
57.5279
97.121
5.27513
80.2698
77.5611
128.103
34.0868
20.7578
-5.41447
30.3043
84.9627
7.55555
58.2985
103.707
34.3375
70.4599
-6.07176
34.2487
-0.187881
70.593
158.393
-16.6933
48.6887
-50.4538
-15.5005
68.8961
74.6917
13.8106
10.9164
8.35646
40.466
88.2942
-43.071
73.9728
58.5895
78.1518
62.32
47.6797
30.6571
-13.4638
48.0442
69.4383
90.3168
123.195
96.1651
110.725
36.569
153.675
-13.0017
63.134
11.0546
33.207
49.4825
61.2183
111.344
40.0125
115.852
38.4376
62.619
9.06686
-11.0965
-15.1473
-84.7796
-37.7973
30.3639
56.4721
-17.1293
12.7979
46.4376
76.8544
26.4094
-0.732063
78.3686
92.6854
5.48711
80.82
47.0737
86.4245
39.4133
-60.3822
65.8861
13.0439
110.598
85.688
47.9771
135.377
32.8378
71.2567
80.8757
95.5515
13.0025
93.5647
13.6778
100.496
104.522
99.5443
63.1306
-45.8492
41.3441
-16.0108
107.823
-61.2825
50.0026
103.461
120.532
61.4925
61.8409
13.4074
36.3328
-35.7237
15.8179
39.7564
-16.4873
23.3521
-2.69007
129.755
5.73996
101.981
85.4486
102.339
96.8193
149.347
65.4381
53.3195
26.7457
49.55
46.9274
-10.9214
74.1206
117.691
-25.3926
99.2382
62.3301
32.2778
58.08
49.7413
123.694
47.6472
1.36747
33.5454
-3.7771
91.254
-49.0661
182.081
3.80949
24.3325
99.9737
33.9539
19.6217
3.33855
92.6878
130.367
45.858
-21.7927
91.5045
43.8101
44.9724
85.5463
103.451
-5.65461
-16.165
26.7429
-28.3402
22.875
62.6381
-34.196
86.4639
106.82
21.9787
62.5928
50.3379
112.623
-56.574
19.4489
152.546
-4.34672
81.746
50.6505
79.5815
71.7528
44.6386
135.957
4.8126
17.3881
16.8452
19.0832
64.4985
-33.4348
91.0606
59.8035
-8.23535
15.8109
-6.77684
107.869
32.0984
67.1847
9.09452
34.1543
49.8544
14.0043
13.1226
168.799
4.51319
63.3524
67.4685
128.751
104.067
37.5378
14.4319
65.4413
86.3959
113.923
73.3066
58.687
42.3572
23.9008
48.0327
38.9987
83.0299
74.5268
10.2298
43.6335
49.2095
71.9038
5.84443
39.0171
67.2719
41.2345
2.12117
68.8339
108.354
52.9408
80.5884
-49.8255
10.0372
53.5808
104.513
42.7504
77.5885
-80.0004
83.9268
58.2181
85.6142
129.351
147.496
111.077
47.0159
25.4703
54.718
130.233
52.3254
99.272
125.065
-30.4939
44.5575
-10.9394
168.274
50.4965
53.2321
-42.5721
-5.13236
24.8711
83.5002
47.0545
-25.1685
62.2403
62.4044
96.2655
-67.0469
6.51087
84.5224
16.9725
72.9629
-54.5304
36.1319
61.2101
49.6107
75.9687
35.0406
45.4753
57.9377
24.5904
19.8139
54.9323
39.8439
85.0927
24.6844
33.1956
55.9469
42.3829
40.4812
74.0066
92.6848
82.1866
21.1342
56.0213
111.761
92.1475
-60.448
69.9646
-21.0084
64.4616
107.37
56.4975
73.5611
5.66089
125.066
-75.1806
117.298
61.1264
47.5318
125.595
116.368
99.585
124.552
29.657
28.815
7.49834
146.679
38.7367
20.5702
77.6294
70.2681
10.102
11.5965
31.1319
63.3572
68.024
103.33
74.0044
91.2551
109.926
58.7714
20.9539
43.9408
46.8081
7.5583
27.4799
34.3544
56.3108
100.266
-3.89729
-21.5211
94.6601
25.4077
9.02873
95.6592
31.0884
121.401
27.8315
53.8274
-13.0392
9.17995
-17.9054
42.7788
152.154
59.4832
78.6498
80.9621
96.3898
41.6747
93.9314
37.7769
95.4693
7.28266
67.0814
23.2027
98.6901
87.0858
61.1471
0.599911
1.93072
5.96884
202.651
47.2777
34.4854
15.5859
-7.88778
96.0765
-6.0148
104.073
-78.2701
8.8543
60.0454
131.834
-82.3633
74.941
-3.75264
27.0496
43.6457
74.3567
11.8168
93.1266
81.274
68.4085
109.096
101.313
103.904
67.1907
25.8767
104.746
136.94
91.8284
59.5777
57.5674
21.3907
76.559
76.8663
47.6781
75.6809
21.5276
104.891
82.6875
43.2007
142.195
151.583
6.76879
9.84243
18.3227
39.4784
72.0008
12.3593
6.36907
-13.0413
47.2492
50.6628
72.0995
45.3322
140.237
93.7284
-34.8277
102.84
89.5571
57.9881
60.7017
84.012
-21.3009
43.8864
44.8157
68.7625
86.867
-5.75343
91.4835
22.8236
87.5293
-9.74156
49.2669
86.8553
-14.4533
138.173
63.1582
59.4924
17.2055
132.911
185.939
-10.0156
44.6476
58.543
48.6089
29.7022
-60.7148
-19.0161
-46.3364
102.79
-29.6706
60.244
61.3039
-0.741772
26.6749
11.0625
71.5052
122.636
120.827
67.6108
-70.6118
-4.33997
3.16762
-2.93507
81.7048
38.9532
25.0849
51.0359
13.0438
-44.0031
30.0682
84.6956
6.45317
15.5481
85.3333
49.7209
116.994
50.377
-13.3144
47.5281
-3.60049
88.8395
159.069
111.713
66.4358
5.88582
67.5786
29.5707
72.5879
-87.1764
-26.5273
59.1772
57.7687
-1.57051
12.0614
-26.0585
49.4815
47.4316
121.406
56.0552
90.1102
126.397
-15.5305
-45.0994
100.186
37.5503
-55.2593
139.972
-4.47365
58.1616
46.0242
105.199
-9.81982
35.4968
-33.8057
-4.53572
80.9313
31.6352
66.2599
54.2119
55.8032
-40.0024
27.1419
30.9767
130.537
64.8995
-22.8801
11.4444
32.8776
-16.3809
5.01168
83.2795
12.3569
57.7581
85.2648
15.6926
13.0137
-12.9743
50.3299
152.384
71.8485
-14.1316
42.2268
120.165
42.246
74.3573
23.7808
73.4936
-40.5233
2.52826
57.4577
59.1373
42.0984
22.6447
-27.9487
62.0887
63.2414
24.3827
-37.561
104.133
8.12503
82.7589
28.7253
80.1453
61.3223
54.9156
65.3469
99.7468
0.391073
-60.8744
103.696
109.58
40.1928
77.2354
122.393
88.9752
117.233
-0.920024
0.639426
59.8976
85.2317
50.7835
42.1642
-18.5446
32.3806
15.0976
128.753
32.2898
47.78
56.062
19.5045
82.2183
127.602
60.6093
40.7759
60.8301
7.24599
-6.53309
15.9721
-8.51268
-1.63255
44.3653
-4.7259
18.2599
40.3472
72.8291
38.8689
74.503
26.856
51.7569
77.2773
23.6175
158.872
-33.4173
60.143
71.7103
52.4076
63.4
11.9158
32.9591
33.0811
122.74
-68.2261
118.403
19.138
-6.92689
76.0913
72.6299
61.214
119.431
1.99796
86.7019
83.6004
165.725
95.2379
51.0885
133.034
108.758
29.906
45.027
4.40646
73.2573
53.5803
-33.4669
106.116
-81.8878
48.8114
38.1822
101.884
126.26
3.0859
-18.854
120.141
15.482
64.0034
112.035
95.6595
8.90955
14.5903
-10.31
-44.5702
54.8581
20.2094
-8.18189
19.503
28.2216
-54.3538
-13.3932
98.538
69.9711
20.7868
116.744
111.565
65.3149
87.5943
17.7241
147.687
59.7781
69.5267
82.5025
50.0092
106.613
22.046
77.8288
48.9375
129.723
61.5766
17.6033
81.7374
60.6517
-0.467476
24.2172
72.7236
13.5261
87.2809
77.7889
-38.9837
-75.7243
107.904
54.1986
71.6682
-11.1633
-17.6517
84.2583
76.8183
60.8167
42.5942
62.1979
53.4189
41.3237
-25.1698
63.2073
66.5255
39.8962
124.693
101.44
12.6924
-1.12043
57.8744
7.97886
48.8232
88.9407
65.9998
59.8396
139.512
44.2737
107.301
74.023
51.6248
-35.274
54.0272
-19.0189
24.3554
70.0579
141.739
61.7536
-2.83308
23.2775
16.9563
46.1348
59.6328
-1.6001
52.3678
37.7798
52.1235
-37.2922
7.94927
-3.48997
-6.11645
8.54388
110.939
125.07
105.066
-34.6444
47.1497
26.3172
38.0536
38.4502
74.1046
1.83281
75.3807
86.2309
86.7082
21.3797
47.7895
-24.5904
30.4337
21.7486
100.868
89.7655
-32.2718
45.4802
117.845
85.055
57.3996
-4.89684
95.266
42.9745
82.0554
-4.96322
81.9529
30.53
-41.7309
87.8151
103.736
14.2414
59.377
56.4856
30.8609
118.274
66.1015
15.9788
72.7334
34.2102
103.82
-0.918233
94.002
102.355
30.6404
-1.53798
33.9133
113.116
17.3751
142.562
30.8353
71.0715
41.3331
110.07
41.0417
77.3898
52.5882
48.6761
71.7682
-17.2619
74.3791
-14.0776
51.1103
11.6017
32.3051
1.16588
22.0322
136.356
88.29
105.116
55.405
73.945
37.9696
58.0462
119.32
65.8113
-26.9503
70.9651
-19.6791
56.7804
14.5568
17.117
45.2668
39.9005
90.8133
100.845
29.9572
72.1741
31.6354
10.4218
60.7246
31.2628
34.7943
62.441
38.3116
98.3724
25.1902
-12.3461
-79.0657
48.8717
36.3843
72.4544
67.8742
55.1059
-28.9382
62.3648
-29.5411
40.6235
31.4827
5.05247
-14.9909
58.752
102.845
-47.6985
76.3503
115.766
111.443
48.1478
57.9328
27.8099
1.76942
4.22649
9.58489
60.0151
-14.8763
98.5382
64.7634
26.6019
-20.1542
106.445
98.2085
37.4049
119.527
-9.54011
80.2164
113.488
51.5756
60.7009
29.328
61.9574
68.9861
76.8673
34.3592
72.4631
53.9359
108.497
34.1379
18.8394
-1.29259
-17.7426
47.6002
-6.32262
-39.1252
11.027
110.155
31.9659
92.8215
15.8007
136.46
88.9225
-9.04541
7.43898
140.551
60.8939
-4.70115
80.3523
32.9974
105.269
29.4242
93.4406
21.1635
70.654
31.6085
48.2394
-53.4655
-41.3634
-7.77658
106.833
-30.2224
77.293
16.3274
15.8234
112.063
32.9617
53.0266
59.329
32.1385
159.01
107.288
31.6701
51.5983
45.6939
-88.7601
69.6309
84.4586
-31.7097
-48.1623
14.4062
0.490912
21.2263
68.401
49.8059
56.463
82.345
107.564
53.628
55.6512
56.0121
0.352474
43.0117
29.5608
10.1929
12.1394
32.8792
34.5209
128.41
40.3829
140.043
51.6069
28.0461
-5.08631
11.5363
25.3057
70.3754
46.0598
91.4968
65.5576
134.652
79.1273
51.5487
-16.6616
57.1229
21.3489
69.6784
53.8202
129.997
1.65496
121.113
-25.0457
47.3924
109.342
87.5117
94.7706
88.7416
124.42
106.626
13.7023
142.863
151.018
144.609
109.182
10.6276
86.1415
63.994
148.275
-72.2306
102.213
52.0992
90.3976
106.409
55.8032
71.5404
-36.9301
-5.52285
14.1255
43.785
48.5281
74.9504
57.478
99.5831
-29.4146
61.7888
7.44468
-16.644
37.7249
76.5191
-13.8743
51.83
-35.1511
34.3297
67.6157
4.38463
-2.62894
2.16615
-3.87682
103.125
-5.83849
0.46944
51.7153
54.9928
54.1637
36.9732
-1.44487
28.3322
-47.7808
78.6188
27.3445
84.5505
113.513
7.65205
65.7587
71.1172
123.947
58.5296
100.642
-26.2412
60.7464
130.856
21.8059
-3.54597
-3.41475
85.4402
-4.32606
79.0915
31.1054
44.0156
122.342
94.5075
-4.56548
118.698
90.9795
-97.6217
91.3447
118.684
147.518
90.9061
51.8201
93.6321
128.164
-33.2109
71.1038
85.1177
27.5622
19.2608
-0.106335
98.5904
36.9759
88.4343
0.463999
59.8211
77.4016
102.014
47.1765
-73.2048
18.0649
-0.997568
83.1648
41.7165
-87.8189
39.4414
18.4908
96.9488
-15.3281
18.2468
45.4033
-8.64951
40.2119
52.0878
24.4196
38.0983
37.6509
80.611
10.8808
101.738
104.278
-3.66522
-0.73408
101.561
46.5238
35.593
23.264
100.87
132.579
12.1874
4.24778
94.0774
59.3075
33.8232
66.9378
124.867
47.5133
-31.3023
14.7078
80.6111
90.4305
165.139
32.1998
83.4437
46.1184
16.1447
31.2303
62.1059
18.6801
31.9166
95.85
11.3735
15.0696
63.839
55.3921
24.8481
19.104
33.8372
-61.0338
114.114
-6.09165
101.72
21.5618
62.9581
-27.036
197.756
69.4066
-29.9992
71.2191
-38.0866
141.267
21.7134
20.4838
-0.0788407
61.5602
101.844
81.0298
44.3256
92.7739
-48.3874
69.1215
61.4482
29.7376
8.94167
41.5977
72.143
161.746
26.6935
53.8495
28.4199
38.0001
-25.7682
121.717
32.7328
71.1321
78.0579
89.393
-14.1526
42.0183
74.3817
37.9554
26.706
47.296
89.6556
156.77
-11.6729
54.4825
-9.24137
-34.4176
114.11
6.65124
13.3398
102.585
106.201
103.2
44.4139
89.9264
84.7539
75.0962
78.2356
-1.06752
51.2725
-48.3884
190.147
81.5356
27.127
56.5348
99.885
22.1055
79.1207
83.1057
46.6539
11.0337
34.1042
98.7298
107.198
32.6541
41.2619
62.0665
45.004
61.439
-32.4115
122.179
59.649
65.6302
98.0979
87.1304
97.8491
101.575
26.5396
118.009
-33.4992
107.325
142.797
63.8134
49.7226
37.9772
116.068
76.7039
31.6162
115.382
24.8474
81.7612
-15.8723
23.7863
8.49464
91.6827
-41.6275
100.23
8.86676
-10.2692
46.182
31.3745
32.0475
68.7144
93.3703
7.25699
28.5385
51.1585
31.7747
88.4934
62.3556
2.07558
98.5302
86.4309
-74.7606
-24.881
104.276
44.1081
-71.2771
75.0802
12.1528
80.6752
92.213
-40.9177
71.0449
25.2469
26.1286
37.7769
-39.6959
44.8362
62.6369
-11.1646
82.0159
64.4333
34.7596
41.9448
75.7411
7.19888
57.1106
5.35406
27.917
59.7879
37.6677
-40.4207
41.1466
59.9208
-8.91828
61.7002
33.8135
-49.185
-22.5987
141.082
17.7578
22.8338
24.7087
92.4831
66.814
19.2417
151.255
11.9773
84.779
135.566
24.5158
-0.475937
34.2871
78.8287
-4.68218
60.0949
20.81
17.7297
13.735
40.6911
-33.5994
76.3787
63.7024
45.1697
21.4089
83.7594
30.1675
57.8756
-35.4825
35.2166
45.2864
75.9479
-14.9258
55.4226
44.8387
45.4065
45.7334
106.307
32.7445
49.8109
16.263
110.769
45.2811
7.43084
108.892
26.3265
-15.896
0.631956
88.4172
124.753
-19.2619
111.147
-38.3408
-69.5885
75.1024
8.61196
13.7626
131.355
74.134
92.1328
117.754
22.5868
62.4828
-25.0393
56.155
49.3342
95.8089
110.181
45.2902
2.0094
-33.0854
83.4803
97.9186
121.799
111.785
111.489
-45.6738
156.724
95.7654
7.76095
56.816
52.7638
69.5963
99.1587
68.9206
84.6375
91.2711
41.172
157.692
52.1016
69.0997
83.9984
17.6191
66.4857
70.2285
60.1121
31.6748
59.8557
42.8607
15.4031
72.7308
91.6934
-21.1886
-2.24273
-4.96872
126.832
-34.4711
105.697
103.919
111.876
45.2283
30.4763
23.7496
35.852
42.7973
10.8328
81.8402
117.176
39.5638
30.0322
93.904
25.7611
36.8486
53.3474
92.3841
24.2537
-57.0869
-21.7666
49.1559
69.0461
17.0226
54.2386
8.69629
58.932
91.1344
40.4533
87.5454
60.3751
110.055
13.1344
78.693
79.7026
141.633
7.78268
38.6541
-0.260656
55.3635
44.4234
97.4923
-26.6011
8.89653
120.03
5.45302
-73.0327
52.0938
67.2067
88.0781
79.0386
-22.2642
108.583
104.149
47.1006
101.998
0.743212
31.5059
102.683
11.7211
126.137
-4.46114
32.4395
110.007
115.752
71.0489
131.263
44.0953
46.9849
-103.897
131.148
-32.273
81.5647
163.473
24.9154
-3.35631
43.5664
36.6052
30.1125
12.0163
79.2836
122.289
50.4689
15.4346
79.7638
83.9139
36.7259
32.9995
91.4824
123.296
38.5553
180.259
41.5512
-30.9348
28.7475
42.4668
2.51271
84.3452
-0.478548
58.0665
26.6023
71.3665
107.345
63.1861
61.8879
53.9836
36.6021
70.8071
44.288
23.8375
-32.3449
46.1988
39.8769
73.2665
8.6036
135.972
27.4021
49.2094
59.8018
11.5579
42.6031
35.7915
23.5015
59.5906
-36.2931
90.9095
2.11552
43.7533
34.0261
6.03806
150.348
106.843
-99.2016
69.3395
27.2466
-0.916433
144.031
-15.0958
-7.6611
118.186
36.7607
69.579
69.2772
18.633
76.0581
11.9704
-28.0042
138.905
70.7812
170.256
-7.15396
-2.73835
71.918
82.2998
77.6604
10.1671
85.9121
34.9884
34.2764
16.025
33.3409
21.827
45.6408
32.1645
40.4342
17.6195
39.2879
68.5096
41.2127
43.9993
141.477
84.5616
38.1943
79.4606
21.3908
22.8729
56.6433
61.6285
75.0403
36.8742
17.2449
12.1297
58.66
-29.7487
3.17623
37.6378
20.0468
64.2304
95.9473
-49.5807
-33.3402
-13.3971
71.2365
84.2855
64.7517
83.6875
89.3676
110.156
-79.5184
121.199
102.062
102.749
74.2012
139.417
81.9866
46.5065
40.566
103.754
-22.5651
78.6548
-42.3433
6.78939
67.3891
18.3134
49.5222
52.8801
-2.34462
87.3394
118.486
65.6984
23.4205
-39.7293
66.0381
-24.2032
-6.96277
44.2316
88.8841
118.205
21.7401
26.6945
43.6314
39.3213
106.13
62.5956
96.4416
79.6052
9.82531
41.626
47.8031
57.3222
72.2168
87.3574
63.2073
46.7227
87.3278
99.3955
-12.8728
95.3361
71.4374
116.362
115.417
96.1604
62.1653
77.919
125.4
37.0026
77.2531
67.3523
-25.9211
102.592
13.9077
81.4756
119.712
9.1056
11.6899
12.6997
28.6
29.0167
108.543
53.2157
29.8614
-12.9164
111.657
41.5494
177.105
22.9962
-17.5
22.5939
70.3307
68.1719
49.079
147.72
73.1039
98.6853
7.15587
74.1352
84.9388
48.4249
80.9223
6.14056
108.781
74.0373
-20.1044
171.967
168.731
33.3618
54.117
86.7697
25.3201
-23.9369
-47.3044
25.4122
-55.6952
100.988
90.1206
71.4294
30.7731
42.798
23.5127
16.9066
68.4538
49.7837
16.5457
82.5979
12.4955
-2.54618
56.0283
-1.10069
76.0389
79.1566
129.377
9.73744
101.324
98.9664
6.64991
70.1611
0.174664
130.221
40.1959
40.1107
-24.0876
36.2319
60.5316
46.3532
63.1084
89.2079
54.4353
-15.947
34.2398
92.662
111.075
-70.827
23.7079
-23.8502
70.0157
32.6712
13.8292
49.1164
-41.5033
-9.94648
72.6722
78.0266
87.177
85.2353
-1.96649
102.912
13.9731
-78.4388
78.1352
106.629
-33.6294
95.4182
14.6123
28.7368
41.4729
-45.4951
49.3531
70.1285
49.673
96.4592
100.626
117.653
92.2709
35.9482
21.355
37.7333
45.6343
75.9737
93.2549
61.5041
88.7307
39.0932
12.0259
80.5758
27.8148
52.6158
73.9334
-71.1241
-73.0217
-32.7995
18.2384
14.2693
53.9128
-5.38907
45.9569
66.7535
11.9366
41.915
-30.3656
85.7129
142.195
25.7762
130.147
54.2514
51.6457
113.138
66.7052
67.0673
23.0752
71.206
108.581
37.1059
42.2248
-9.98013
-5.12361
44.613
7.73035
97.9623
-2.16762
89.1987
47.4569
-25.4043
9.12744
-28.3826
81.7167
63.581
124.091
44.4793
19.8727
2.53721
37.1853
47.5324
-4.56142
60.8153
-17.6448
21.6924
36.2264
160.717
-0.262515
7.18297
94.7499
170.973
45.9971
47.0212
121.326
86.4367
59.7877
86.5948
-8.15371
-25.8187
21.3171
73.2609
-11.3727
-39.7837
92.9021
-7.85582
129.166
1.70336
190.436
17.5694
76.6674
102.181
81.6237
-14.1293
110.8
71.598
107.866
71.4072
65.1646
63.177
136.909
-18.0117
-54.8888
112.413
143.256
29.7484
46.3948
17.9245
49.8133
70.0194
-47.443
40.9791
44.67
22.033
117.694
79.674
-23.5955
61.7495
11.7071
69.4343
36.9034
-19.7284
99.6718
45.6546
158.054
103.369
51.1172
108.186
-58.4087
48.6346
38.7458
18.5684
45.8576
109.969
68.8387
40.6092
-79.3965
85.6248
28.6651
81.4774
68.1316
77.1271
64.8723
48.0694
-37.3215
33.2196
59.6322
-19.1811
72.0838
76.2818
113.065
84.3219
22.9605
103.847
77.0586
11.4513
30.4772
105.058
75.262
78.7607
15.4455
164.206
81.2315
19.321
8.80653
99.3849
-0.863391
33.7498
20.6212
80.4607
67.9195
-2.85306
115.673
-37.0332
-52.5355
21.9815
53.2762
14.5429
-71.5314
95.9398
-7.31037
3.51409
40.6292
32.4574
77.4487
11.5582
81.681
25.3397
15.273
69.3664
5.20777
37.9613
105.985
-19.1121
51.6752
77.1074
-13.6513
-4.65394
39.2438
35.7185
24.7306
41.453
2.30102
6.21652
77.6226
109.237
30.0737
13.7059
78.3935
89.6138
125.163
53.8911
67.2429
70.2935
89.0856
-17.6557
46.2576
-51.6646
113.274
164.159
14.0031
21.5886
31.5274
-18.8855
50.1697
9.44387
30.8853
50.2497
134.682
-14.2696
81.7486
42.0244
98.9505
-23.6243
101.01
128.75
89.4
27.3688
52.3718
38.7705
58.6498
-43.3839
19.8437
108.357
11.1021
57.8958
57.949
94.1036
97.2283
38.3053
44.2241
80.3948
20.8712
-11.6168
27.6781
39.1972
73.4816
109.664
53.223
55.1955
-64.2924
33.4342
60.4195
56.038
34.6792
21.977
84.0687
68.9759
3.19391
-52.9224
27.1904
65.1132
3.90693
80.7538
85.7748
69.3752
109.7
-55.8046
107.306
95.0598
83.2942
19.234
33.1388
119.895
-24.5724
85.5329
31.723
14.453
-55.1705
41.1726
43.8579
152.305
56.5102
77.3594
104.278
56.7346
121.94
27.4523
-45.2105
124.501
113.406
57.7293
120.058
78.8697
-1.01309
34.9179
2.73965
77.8895
4.25397
53.4245
-8.51422
127.2
57.0657
33.869
-11.2697
-0.149042
53.4156
-3.03565
29.8198
158.766
-32.0952
7.40691
53.6911
52.002
-29.1396
80.3217
-16.7883
55.4963
117.132
115.93
64.9475
50.5208
130.878
83.8729
22.2056
90.566
-25.5501
21.4148
44.0757
113.285
27.8642
-45.0884
111.517
42.3008
-29.8113
100.938
21.2206
74.5707
0.62893
2.67038
111.602
132.03
123.98
101.935
2.08907
66.9965
-20.6607
96.2629
62.404
94.9327
68.4902
38.061
79.6337
88.4682
5.28641
-4.89585
63.1823
64.8058
139.522
142.939
27.0173
-3.50733
-7.58401
69.2178
8.53501
-38.0774
3.25463
48.142
44.1489
92.2537
2.21773
32.8654
101.176
58.8998
41.7514
-34.03
79.1402
23.673
87.592
-10.2199
59.9606
57.0474
25.889
64.8707
123.85
77.6777
12.7936
134.973
95.5005
135.491
129.226
56.3617
10.5971
-11.0558
20.6812
2.69018
105.762
95.4259
5.94228
28.2116
-57.077
85.0205
70.3464
-27.7584
55.3951
73.0607
72.0491
56.9983
129.953
38.115
27.4693
16.4898
82.6526
61.8707
13.1587
62.222
23.9819
81.073
21.6627
16.6025
164.472
42.3654
62.992
108.896
83.5089
12.8019
84.2943
54.1368
95.3161
61.0582
7.34367
58.6335
-54.7873
10.8346
130.645
89.7976
41.5683
42.9662
66.7855
-40.9418
33.8615
63.0117
76.8443
144.764
-47.9705
80.1269
1.68537
5.22851
34.6155
173.622
57.7966
65.9153
116.946
62.4692
-14.1619
81.0067
24.8508
35.4435
79.6478
29.2336
49.8709
61.5395
65.3426
-27.271
30.7219
129.683
30.4121
69.7951
62.2927
42.4448
89.9398
73.6167
18.3236
-35.8796
61.8837
41.7734
69.6769
30.9837
71.1357
-6.05016
30.4188
17.2527
31.4272
1.94606
58.7798
60.9218
106.013
-31.1871
71.4931
15.3941
-37.386
68.733
-15.3064
84.2055
15.1236
70.4922
-43.5544
54.1058
-1.67266
-14.03
9.70283
6.0843
-19.0639
85.2725
33.4813
19.0145
69.3221
31.4513
-13.5358
-19.7087
-22.9233
30.9159
36.6842
14.7566
18.1647
31.1908
83.6234
97.6964
-26.9577
6.74333
63.7499
99.0156
49.335
-13.6922
168.807
132.393
133.17
-14.0295
18.9358
2.97832
45.7054
8.53425
47.1759
31.3083
44.4505
23.9755
75.1277
97.6739
37.6411
84.4448
-8.5541
49.6091
14.5237
57.2051
54.8329
64.595
78.478
-33.6947
44.103
45.9874
-39.6737
1.30665
27.5325
73.8837
-14.3162
124.075
-1.51372
85.8068
116.745
66.7698
95.1406
66.0071
108.876
103.123
99.9776
60.0018
30.3806
104.578
70.6724
99.1541
-1.69232
-1.76772
92.9442
-4.35956
-16.4115
179.025
-2.52321
22.4904
66.0663
29.9998
58.6345
36.87
55.641
28.818
33.776
128.127
26.9058
-27.5316
21.8252
11.6245
78.8509
-5.83328
98.5335
61.6603
80.6694
88.0549
14.9199
59.2403
111.765
60.0739
105.488
14.9938
101.01
-56.6726
17.2134
55.0772
133.722
72.7763
206.891
164.342
58.9711
22.7159
54.9071
-14.6963
115.378
134.276
63.165
30.1389
112.004
51.8814
-36.0401
99.4191
-16.9208
-10.4701
-14.5664
124.987
0.450289
60.4807
3.38559
26.9108
54.3004
63.2313
45.0087
31.511
83.348
54.6024
50.9983
25.7649
67.7317
34.1676
41.0811
67.87
24.6834
140.56
17.5808
102.241
42.3661
89.6292
11.1062
71.3679
80.7891
-79.944
25.6649
112.796
8.20295
6.65452
31.8938
-10.8082
-5.82703
105.196
30.0992
132.996
70.9295
19.773
94.9376
8.02449
63.2995
75.3882
-10.9529
77.1922
110.897
118.731
106.701
48.8583
123.65
37.4311
152.565
18.9052
36.4434
58.9232
31.1858
93.4803
71.3341
36.1754
51.329
108.156
40.3447
2.62989
63.084
106.082
-1.96334
114.22
29.7507
80.6649
122.666
16.6372
-16.1474
-24.4935
34.5253
16.3967
107.879
41.879
-9.90433
17.0787
95.4527
60.2468
67.5396
113.618
53.1073
-55.6726
53.8928
55.6663
131.753
71.1895
39.3485
47.1342
36.8679
48.2383
69.2871
36.8664
118.817
-15.1655
-35.1602
50.0101
-34.3593
-8.95862
27.7711
90.9081
-8.69593
41.7606
99.815
57.4188
44.8538
50.2713
19.3626
26.889
57.4464
114.228
23.8641
46.7182
-11.4773
89.6683
24.1524
-91.0823
126.668
-7.03558
81.2121
142.72
40.5821
106.387
43.0812
90.1286
135.789
24.0555
-13.0894
159.375
65.7557
8.54023
77.6875
15.7693
53.3423
149.62
26.7124
139.02
90.491
113.132
5.62088
81.327
15.3995
155.379
7.38757
96.6197
69.0102
82.0963
88.4853
-15.8996
86.41
16.7761
93.7786
44.1494
27.8768
91.5583
116.035
64.7054
40.2609
97.3877
75.0186
172.107
34.5291
-7.62734
79.9358
125.193
14.1288
53.2169
81.7674
25.4814
9.98516
95.7184
114.716
112.592
41.0713
-11.9973
55.0441
58.9846
10.5941
84.8896
54.3493
43.263
18.3499
71.7542
106.247
19.0483
10.4905
35.9441
35.9403
-40.672
100.916
-40.8553
80.0437
-14.7746
14.3718
61.8546
-25.2193
167.253
99.3453
60.5504
84.7768
51.1413
-16.1777
58.2086
68.0966
-31.2993
79.2366
100.802
67.9151
-122.273
46.4694
38.8906
75.2179
55.8869
99.006
9.6719
50.8274
-16.6893
88.4678
59.5557
74.209
49.5094
44.4453
5.34795
25.4657
20.085
68.923
69.7259
9.48004
107.957
53.8963
20.322
67.2414
47.6094
104.3
5.73899
84.4025
125.757
29.5727
65.0762
-10.6117
99.1824
26.1245
-53.6985
71.2735
58.6052
29.8864
103.529
39.3982
-35.6478
-0.207611
68.7079
137.422
17.8901
59.4101
146.41
105.864
102.523
78.2023
58.3035
78.5293
18.7624
32.0638
36.7342
93.3505
-28.0522
91.8352
75.7993
37.7252
49.528
109.338
17.195
198.857
37.0912
125.664
55.0103
69.3383
55.1292
-53.3606
138.371
36.678
-7.15735
4.51843
57.6511
81.2748
101.3
53.0281
58.3777
88.1676
92.9008
96.9596
44.5061
169.306
-32.1223
89.9405
28.1979
99.6115
79.9416
103.449
82.9092
36.0198
67.4311
0.39823
97.0323
85.3718
126.927
17.1395
59.2361
-47.2785
-2.04585
31.1255
189.367
72.4229
44.4387
40.0295
130.165
94.984
109.614
80.9233
29.1452
178.152
92.2334
111.361
37.962
121.933
60.8951
110.491
24.8488
13.9719
-19.2088
23.9613
78.6134
156.095
27.2588
-74.6846
50.509
25.3234
-2.90159
164.415
90.6171
0.872631
34.1036
87.8829
92.1242
59.4093
44.4576
-15.4928
41.939
-8.81404
110.616
2.53826
69.7383
95.8037
47.9732
18.5894
43.9562
5.87421
84.2043
-23.0297
84.5074
13.335
-68.334
49.3485
38.1802
36.3156
61.3634
78.1942
118.625
-161.917
3.35426
25.2304
53.482
-70.2453
56.626
82.7154
79.7916
60.4145
76.2029
2.6297
33.886
2.67968
31.4862
74.4127
-86.3121
-47.8331
60.8484
56.7132
78.4638
-14.8735
21.9253
33.4541
79.8152
32.2539
72.3573
12.8128
68.3763
54.1148
60.8622
8.22048
96.2497
165.672
151.26
-10.4916
40.0517
70.5359
53.364
18.7216
25.6591
-26.244
-27.2308
13.9823
128.547
102.917
-1.41962
-3.25204
-29.0796
143.709
86.8064
45.2902
105.07
-5.57085
18.062
43.6738
-6.87453
186.632
23.1189
11.4835
3.24924
64.97
20.7663
-9.33722
72.9488
-48.3507
93.8321
95.6457
96.2245
107.797
70.2513
78.5021
34.3443
-15.8455
-9.40623
123.691
-4.67304
107.512
-13.1001
35.0099
58.6626
31.1266
77.7107
-47.2506
136.483
38.8304
34.5176
78.3887
44.4003
92.9182
71.3877
91.2221
11.5616
0.462739
54.1141
87.3915
79.8489
21.7322
69.5094
79.8504
17.8161
19.7317
23.3753
77.5302
115.213
142.862
56.1883
106.691
142.732
73.9584
15.8446
41.3096
54.256
115.716
-29.8119
56.5918
61.0594
165.834
124.752
68.2799
80.3118
48.3329
90.1348
155.991
16.1454
68.0152
23.7847
32.105
21.4073
-75.296
31.7239
146.119
23.868
41.3027
15.0816
74.6514
42.2631
39.0547
-37.9918
99.3019
71.6458
22.4024
40.9211
150.158
18.644
71.3127
26.3218
100.673
2.22845
64.7664
81.0036
70.694
-7.0051
32.4843
82.1857
133.877
123.472
15.7469
3.30196
90.6898
68.1034
55.6483
140.28
49.1491
63.2868
27.0481
43.5072
51.8579
112.042
56.6628
156.35
68.2113
0.313247
56.8491
73.0965
87.7247
85.9915
92.0789
37.396
-21.2918
7.38037
9.11768
-20.2388
60.1039
27.1604
39.0428
155.765
126.035
10.3036
77.1235
38.3896
187.29
80.4321
65.4711
54.0191
29.5603
14.4798
32.3388
56.0721
108.459
5.77386
128.851
36.7021
-59.32
18.2158
24.1326
88.8824
-43.5105
93.0386
120.671
13.7978
53.5519
68.5809
83.1586
108.256
-90.7865
-25.9098
7.10792
176.248
58.6909
-39.5636
88.022
7.19038
35.1075
97.1706
149.221
66.0673
38.2249
50.5187
66.5875
98.4307
25.7877
117.094
132.168
31.1823
127.124
66.6977
27.0471
79.5023
6.83136
-36.135
40.6864
79.6164
-5.78629
146.528
98.5469
51.7605
30.8885
93.5683
28.4435
43.2752
61.8169
-15.1823
-13.0351
34.3039
80.201
105.151
45.5935
-39.5613
58.3165
7.02201
-1.17226
79.7567
71.7875
109.148
-29.2638
141.552
116.457
-41.7316
2.17386
44.0426
31.4766
118.963
-7.8756
53.7433
32.4069
101.72
63.9939
11.7402
-44.7676
12.7169
30.8955
14.4533
66.2638
57.253
46.0957
2.90467
80.8729
85.6113
38.5389
30.8216
147.501
-0.852193
0.470096
95.6467
-16.4983
7.9049
24.3158
-13.9996
109.699
-13.5734
21.7954
10.3872
-8.44616
93.5489
45.9854
111.613
129.755
86.6038
56.0384
35.0978
-13.8635
44.5526
89.9818
97.9457
12.8109
106.481
5.36747
12.7208
32.3516
106.186
17.4026
58.2671
7.0017
53.4038
58.1929
33.4018
78.2595
22.0104
120.476
18.4011
9.37319
73.653
-7.93108
74.3255
19.444
97.8805
40.4807
29.9732
64.9544
30.8785
-4.31446
130.302
29.9584
67.7682
0.573605
-37.8328
19.9754
84.7399
-2.4245
110.377
46.3931
18.6292
22.7813
76.9422
145.18
24.6042
-9.72578
31.8553
-10.6466
99.9143
7.99562
44.7782
98.0788
167.898
46.4215
47.8444
70.7817
95.2965
-22.2174
43.9515
4.54914
25.3649
82.0026
64.8416
57.5536
42.408
111.863
129.038
15.9552
76.2839
-19.7194
5.22026
27.2775
122.299
92.8757
13.0985
7.32963
51.7755
29.8736
34.8314
77.5234
71.6235
-7.181
117.662
44.942
28.0357
53.6555
100.835
72.8957
8.69876
109.662
29.579
80.4637
122.88
55.3123
15.7335
-16.0118
57.9336
71.1891
96.0298
66.6149
35.2646
66.3788
59.6704
89.3981
41.9611
168.161
3.13244
54.958
42.8385
14.7466
112.321
63.1436
90.7522
1.13855
93.0167
44.4168
12.0062
92.9837
7.24116
8.66598
39.7803
62.8905
109.49
116.757
42.7613
8.36547
21.3206
54.8292
123.781
120.983
-6.76296
15.0974
41.8249
-36.1786
-19.5668
142.782
78.9584
15.5715
105.843
46.0696
93.0098
56.6622
80.9533
31.0772
3.39505
22.0215
32.5945
28.9491
-19.532
85.7216
85.0298
6.11083
123.936
9.79332
51.2416
-0.090111
-3.84667
-20.2948
113.55
-6.94828
107.193
46.2296
61.8518
-30.6456
139.826
17.234
-16.3796
7.37826
-8.25536
86.1309
155.483
61.8178
88.3702
6.19483
81.3153
105.748
19.7844
29.6236
103.11
78.8368
61.2545
24.3563
74.9089
48.7912
-17.9902
81.7796
72.3633
29.3218
92.0006
70.4975
36.9845
24.1004
50.6077
-7.16223
26.6832
112.303
54.3852
88.0097
50.7582
61.7101
21.944
92.2943
75.7835
-28.9536
69.9866
57.3848
52.5168
69.5258
65.4612
31.2477
63.8998
-19.8914
-37.5788
82.7575
19.1649
39.2821
62.8002
23.8094
49.1668
36.2972
73.1994
44.3826
-19.8847
46.5952
-53.0625
91.379
56.3886
16.5562
15.3317
92.3733
138.514
66.1339
-48.1366
15.3703
36.4785
58.6514
116.279
-2.20931
92.8453
15.4723
-78.4895
96.1516
157.274
112.273
-17.4891
57.5229
128.119
0.269098
86.0438
21.7967
63.3313
71.4461
37.0053
47.171
42.7324
114.545
21.6351
91.2621
49.0248
40.1937
84.7044
26.629
-28.5717
97.6362
92.0724
110.759
94.2069
69.4039
31.9179
133.408
137.667
-24.838
-16.2255
58.8214
-22.6147
70.769
1.73721
-15.7561
191.823
43.3942
89.1721
-47.1658
-19.6211
46.9283
31.6043
79.0028
46.3553
27.2546
76.9958
114.208
-40.5083
64.4786
24.4463
30.1604
109.79
81.3455
141.14
46.9528
14.1383
21.4691
-0.663531
12.3605
6.4274
-14.2282
14.0034
2.86638
89.1096
113.738
131.509
24.2706
87.0777
-24.732
58.5788
101.776
52.343
89.5528
108.515
92.8294
120.12
123.128
43.9517
-8.76116
-0.640015
3.75036
62.926
44.2347
30.1176
91.3484
84.1577
22.8195
2.97635
21.2976
126.57
19.689
62.0993
46.7182
23.2984
28.6649
56.9141
17.4191
154.062
103.551
29.6118
34.7483
95.2069
102.611
15.6424
112.514
92.254
35.4118
42.7021
181.036
82.4157
58.6269
88.1619
116.64
95.6886
163.628
47.9175
74.198
42.4445
18.0938
38.6345
103.734
37.0891
87.3176
-46.5367
93.3642
103.221
-76.2721
87.157
53.8362
9.92231
28.7458
140.391
122.157
68.8759
136.094
41.9825
22.9333
44.0436
98.801
43.0877
-19.8902
62.0819
99.7917
0.873561
59.7839
46.2795
0.237864
149.225
35.4808
34.9026
75.6883
14.6396
0.734595
12.2263
118.525
79.6594
-4.60881
118.18
14.1947
25.0161
64.17
-6.9446
-9.89252
63.842
71.8007
9.84995
41.2338
111.313
9.58593
101.027
66.2097
109.527
47.4904
24.696
56.6381
123.421
49.9843
-24.9503
2.00747
68.3567
-20.6829
35.905
62.1897
75.3699
65.8261
46.0488
36.6848
133.198
24.3217
37.6159
-36.6436
34.7137
57.8118
49.738
99.2953
154.784
27.1107
96.1833
29.8884
-7.40735
145.29
45.567
51.9697
135.968
2.33736
3.40525
111.736
50.7444
42.1815
23.0286
56.7216
130.276
-8.87525
72.6821
34.4497
26.333
35.937
92.6046
3.12478
128.253
24.7522
10.4515
106.606
95.278
36.8237
122.146
77.7134
61.2257
36.9208
31.1295
-32.7395
39.1986
86.7942
-23.8638
90.7808
-11.9393
66.6602
-99.6382
84.5385
58.5336
37.2829
-13.9312
19.2894
41.4978
0.015094
89.2198
190.596
-9.81182
125.228
105.809
9.78599
89.6261
118.632
2.77897
32.6567
-33.2694
-43.8806
40.9742
84.8054
142.95
40.8939
72.196
5.08212
120.207
93.4911
-9.44999
102.184
72.8233
148.224
47.018
8.97643
-7.48776
71.91
-42.3313
80.1639
-5.09407
2.14441
31.1378
18.2906
58.4763
62.4347
37.5875
54.5542
88.5171
163.088
64.566
40.0805
133.613
44.9266
74.1521
3.30829
8.58928
86.9401
18.8656
63.8885
39.9919
130.466
33.976
72.079
56.7117
59.3021
-5.17653
183.392
55.7309
35.0071
-13.9881
79.4478
-3.15001
69.1675
27.6523
-4.66318
34.8193
102.654
110.903
37.1619
18.8592
17.2991
45.6887
-1.22556
93.9572
96.7842
0.0921153
41.0103
-6.53393
79.798
32.0199
66.2845
-41.9286
-13.7164
64.4354
32.7251
94.9267
58.3695
81.628
33.7259
102.76
-57.2731
35.5122
30.0024
69.3113
83.4054
-23.4106
132.871
55.0808
95.0655
37.7421
111.827
64.2901
24.6383
119.9
43.5834
73.4564
-55.5417
25.8065
138.248
-34.2467
1.24785
11.913
27.6694
25.6491
61.1021
3.90517
34.8957
-5.40541
88.8654
115.726
157.091
7.89728
-21.9655
59.347
130.78
24.4695
-15.2113
72.6312
97.0243
99.3162
71.1306
68.0275
125.341
-48.0939
37.8595
-31.3816
43.0726
111.984
133.212
144.195
16.6631
49.3466
-22.7994
68.8223
43.6377
20.9985
84.2651
37.2765
16.0964
105.35
57.1616
24.6163
-9.74955
54.7829
95.6173
25.2557
56.7587
124.596
82.6929
33.7319
16.652
34.2902
76.0059
107.4
72.0868
6.88626
-36.6304
156.847
49.7521
83.3843
-26.731
43.1583
-15.009
61.882
66.9477
148.692
11.285
101.028
-1.82229
2.90998
-5.7878
58.7629
-49.7121
114.486
119.786
41.3188
42.1137
48.5163
49.955
16.9813
3.94693
67.7622
1.71499
43.1112
45.5154
61.2773
78.8926
-41.7134
87.7221
95.6793
29.9795
70.2452
126.742
56.9391
55.5671
73.3408
66.2056
187.437
79.3215
124.341
-1.26717
73.9627
-61.5314
22.2382
-5.82798
51.3103
61.0865
79.3267
61.1702
1.60156
46.4687
157.808
76.9066
81.2092
-3.74781
23.737
82.68
-41.1471
23.9446
58.9245
77.9879
38.5389
5.32215
59.6902
24.3187
61.2395
49.457
134.435
-54.526
62.6572
7.46233
77.7434
131.692
107.718
49.661
42.2141
134.578
2.53751
-7.96703
96.8049
92.2318
28.944
62.754
118.633
105.153
95.0964
60.0273
82.0296
-44.8101
97.0387
47.9149
39.0589
84.1266
47.4037
106.065
44.1935
72.1157
30.3668
137.494
159.204
-11.5903
45.5855
50.2997
57.1416
87.8253
92.8893
42.6738
126.6
-50.7719
36.1793
21.6593
48.0419
40.6445
90.6414
109.691
87.0647
-33.0294
103.843
40.7009
24.3067
22.3272
-75.4328
96.2306
19.3487
27.7076
51.9744
83.8565
56.8716
43.5626
104.418
25.3886
56.4877
77.3157
-5.67323
82.9845
46.0594
-19.6484
-43.0754
140.272
37.6208
82.0923
57.4898
39.3774
15.2335
59.1541
48.6087
119
111.018
22.1849
-15.3648
75.4916
57.7111
23.5979
11.1829
112.188
96.9668
56.105
27.1632
-34.0507
39.9004
57.2645
1.67417
-14.3347
126.461
83.1724
-8.73044
3.62176
39.2786
29.6662
-23.7109
39.3021
63.1555
159.344
58.3253
31.1716
113.469
61.243
134.128
19.8909
109.506
30.8104
9.23521
72.0334
-14.7833
54.3725
28.2551
105.308
68.501
40.6731
91.2872
105.836
179.356
-41.2285
31.2907
48.5564
49.9182
126.184
89.9724
19.8518
149.581
46.506
-4.50862
56.5831
65.7886
81.8059
59.2279
103.877
-9.97048
-37.4613
77.872
35.9683
-17.6634
18.7544
143.307
117.5
5.03202
20.3657
21.5598
12.236
33.4687
-8.47031
93.6153
5.50873
87.7579
23.2233
86.1248
24.3237
-70.7466
19.9802
63.7734
59.4323
-3.49892
38.39
28.2772
75.1372
-38.5584
107.069
162.433
94.9599
69.1038
125.033
30.8363
32.7583
56.6182
-42.3216
78.1753
3.89331
50.0337
150.444
63.6456
17.6539
81.0712
-19.5797
82.2485
62.3441
124.718
28.3673
-96.4859
-4.93233
78.4997
-53.7009
10.9903
-21.0687
-11.0523
66.7938
-7.79503
64.1485
28.8247
80.5214
23.8377
51.1932
46.8352
99.6604
33.5514
68.9216
69.0418
143.729
21.848
-2.4031
41.2431
29.3154
86.4651
98.7931
105.915
95.2191
2.16339
-2.15368
99.0907
92.1517
58.5353
-17.0464
67.7853
67.6935
29.282
6.06797
43.7033
56.5486
-21.4662
34.2424
68.4625
-7.60757
72.5984
70.4505
13.0249
33.1403
20.5015
51.7468
0.811103
55.2697
101.314
-0.362091
-42.9654
37.2517
5.84139
91.3758
105.675
24.9551
-42.5442
45.9205
-14.945
45.4155
40.0487
17.7104
41.7275
61.2753
96.4207
80.4993
50.9786
19.3575
30.437
-38.3229
61.3421
-6.46334
-33.6889
61.3322
33.1941
-79.0317
81.3744
67.2428
32.5965
123.992
97.2111
-39.5534
67.8293
21.7233
18.2338
-8.7055
43.518
-46.3786
-6.83149
42.2849
15.8145
60.301
-15.2569
66.0843
74.5247
-70.4969
36.5423
47.4347
140.968
112.887
-4.01387
18.3015
58.541
31.3977
-42.5971
86.3624
139.939
147.808
26.441
45.4027
26.2693
-6.38296
50.6294
57.4227
107.519
19.1558
73.7384
63.644
112.151
56.0497
95.6126
-13.5502
6.49656
41.2858
-4.55302
-22.8818
96.7406
110.39
68.6046
9.38895
86.99
114.119
73.14
-57.3285
33.376
122.206
29.9085
-32.7207
89.8047
79.3063
61.6586
145.701
28.6975
152.353
-20.4026
19.6751
41.5416
-8.23747
14.3734
62.2017
62.6946
-13.9433
116.002
87.6308
55.6337
12.94
92.9722
-43.4342
193.659
128.604
78.7893
185.508
86.4367
72.4835
64.7676
-96.0077
14.4621
35.9917
115.505
33.473
102.662
62.3206
29.8457
91.6018
0.779764
-73.0148
29.8308
17.4622
122.913
-0.64903
1.83141
68.1195
8.17459
74.2516
104.515
160.611
83.6983
40.8972
-7.23758
31.6053
81.8538
29.9108
71.4777
-5.23729
64.5369
37.0208
18.0135
-13.3193
-22.9118
34.5703
65.726
27.1272
18.3296
96.6453
-58.212
83.6688
15.7615
-15.3203
48.5269
13.7784
134.435
25.4954
58.2173
22.9306
-19.0731
202.672
-2.55226
-7.41418
9.05757
24.5965
34.2065
47.7609
-60.9747
-9.43161
84.4212
15.0387
-58.7903
39.9476
-20.9682
18.3935
86.9886
37.7286
67.4246
96.8371
10.5793
56.1251
21.6321
-4.8847
48.1812
80.5619
-2.25412
1.36693
-74.0532
39.3279
81.5365
79.4658
-20.1271
-44.1549
70.4066
109.356
22.5793
20.3828
46.5983
136.772
19.5389
94.3713
46.9323
101.97
104.349
8.15054
88.4581
6.95654
79.4192
49.7379
22.0558
63.9118
112.674
16.8373
92.0649
46.2054
114.421
94.7403
23.4477
7.51534
43.9521
74.2983
8.30009
-21.1356
21.8855
101.799
58.1577
179.095
41.935
42.6254
-36.9637
77.7472
-38.3776
108.402
22.3931
55.9918
43.891
102.988
4.89233
105.201
38.7811
119.968
75.3991
44.5932
35.1871
104.145
32.7753
-38.5406
114.196
31.0201
52.5447
94.4307
-2.81056
23.1394
64.6562
80.1654
10.6161
-44.0233
85.7728
87.4975
59.6795
61.5828
145.189
-10.1706
-12.4178
67.0451
46.9254
50.142
99.8593
26.9577
-16.3561
55.1391
-28.5803
113.578
39.3652
105.925
74.9068
-23.3737
-2.01861
85.6867
79.401
96.0568
82.4418
-81.847
-80.2326
124.612
28.5208
68.2606
-25.4321
15.6831
49.4608
9.30105
110.727
31.0173
130.701
28.0701
152.685
63.2582
-9.91133
-0.0959271
8.90978
100.645
135.667
13.4527
25.9285
69.7354
45.9916
26.8281
4.80911
98.3179
55.9423
64.5877
-0.355261
126.199
102.137
71.0969
63.8265
4.18125
115.394
93.6676
-20.5268
16.579
15.7277
80.6892
154.83
27.98
-2.25283
103.566
62.3479
96.1227
54.7409
106.419
34.4493
69.328
54.0495
134.956
113.766
98.6654
67.0002
13.1626
35.9351
97.9266
88.7347
9.5984
73.5546
70.9838
25.9812
77.5422
17.6586
2.66186
-10.3633
-4.12461
27.2258
132.733
141.149
175.72
51.2148
128.575
64.3613
51.7473
6.67634
64.9478
37.7726
45.2396
66.4281
84.987
18.0141
64.9658
45.3673
-15.7075
46.2202
-1.48779
72.7222
-13.1742
86.4949
20.1857
121.35
52.4568
105.391
87.5076
77.8562
31.9457
61.2486
44.7399
50.4072
55.8907
96.7939
46.6518
61.6269
24.8273
104.805
64.5294
15.3462
11.7185
-78.0438
-12.3118
7.68105
34.8733
16.4261
71.1991
132.27
33.295
80.4574
-26.1448
51.858
-13.9712
66.3083
-4.58073
-37.285
21.013
65.6627
109.84
-94.5532
46.4909
78.4595
76.9994
100.943
133.447
77.469
52.9749
-5.64644
55.7909
36.4357
24.1201
125.073
23.2734
4.75994
47.5163
44.524
55.4342
29.5708
103.282
137.193
69.9463
66.4937
11.9793
81.6171
57.0751
5.09587
-14.7174
104.468
69.457
103.884
29.3203
157.833
73.9194
58.5369
22.0452
41.3165
71.7214
40.9642
-55.7711
19.9381
64.8175
-14.9029
20.1131
40.4323
83.0758
52.0021
58.6433
14.5545
73.5375
84.2807
1.28271
109.793
45.979
21.2509
86.5669
25.4168
10.5755
101.345
121.729
25.992
19.6202
30.356
-6.29063
47.8434
10.3536
150.721
-9.48378
54.7213
11.5415
107.881
29.9075
62.3152
77.2363
28.0743
69.1289
21.7696
9.25041
98.9898
8.56782
43.5258
42.7788
18.9054
128.871
67.0193
85.6466
56.7591
59.015
136.324
-27.53
18.3452
65.1395
34.7513
124.001
87.5011
66.7564
70.9135
27.7426
75.1275
107.266
-6.04496
-44.8247
38.5708
8.59096
97.2558
59.6701
76.2428
47.8314
64.474
31.2283
66.5988
109.768
19.8444
-19.1751
124.531
105.637
-43.0973
19.0141
30.5189
108.899
29.1464
45.653
37.5006
10.7077
35.7003
75.2375
36.5039
-8.96543
54.0413
19.4334
70.0463
104.768
42.6823
43.5527
43.2422
31.4103
63.0441
92.8978
63.4331
43.9451
-8.94088
20.1195
14.0692
46.6764
79.571
-29.078
57.0805
36.8391
8.67217
37.7315
102.825
35.8559
179.109
115.642
19.9745
66.3956
-68.746
-0.742797
49.5235
114.53
43.8278
-31.2855
9.81386
110.818
-15.2442
105.846
84.759
116.106
19.8786
107.475
139.868
14.4346
93.2128
6.80419
32.0266
-12.9291
123.946
0.201937
86.5392
14.7248
68.8366
127.027
106.931
94.8058
-55.9921
3.77712
61.4861
198.454
34.8664
-25.4615
-52.8744
44.4146
95.0774
50.6502
19.3411
34.4904
20.7767
103.894
80.142
60.9052
-7.4362
16.0846
112.147
7.85902
38.1229
62.1698
68.886
82.7249
-24.4717
79.3633
-42.386
12.2994
-22.7549
89.2121
7.90692
20.5522
53.9605
14.4518
92.6327
-59.3015
49.4365
82.3499
45.7473
49.9483
29.5007
71.3709
42.9069
49.67
59.1286
92.5979
27.0529
48.5708
-3.87667
14.6271
18.5069
37.8689
132.94
84.1027
87.7601
94.6947
-21.4688
74.3217
75.9894
112.134
35.4192
115.182
31.2093
4.58088
-42.902
-60.2265
97.4976
-6.61847
88.2258
-66.0939
80.1873
59.8356
-6.47188
101.728
60.5894
90.2109
95.4718
-24.57
1.44257
-41.9704
-13.9719
69.8736
66.4022
115.395
89.7587
119.795
76.5135
35.042
122.328
36.4083
50.8647
43.9028
33.9728
-69.5453
25.2026
48.3439
108.683
38.0113
35.7355
-17.7728
40.1953
-11.4719
50.6313
60.3762
22.1186
-42.0974
122.062
58.2171
59.1927
92.4076
55.1439
34.8576
5.25246
85.4713
125.218
25.123
22.5256
7.95465
69.2893
47.2663
-19.8753
67.8559
30.0393
34.8934
-21.6079
163.922
48.4227
55.2989
24.5057
-9.18152
-11.5312
15.9507
47.4583
56.3618
